8.833,30,265,49
B0,mixamorig_Hips,-1,0.9942089915275574,-0.051196180284023285,0.09448172897100449,0,0.057034820318222046,0.9965580105781555,-0.06016584485769272,0,-0.09107626229524612,0.06520617753267288,0.9937069416046143,0,0.0013589999871328473,0.9160339832305908,0.020956000313162804,1
B1,mixamorig_Spine,0,0.9988799691200256,0.040668241679668427,-0.02418890967965126,0,-0.04138275980949402,0.9986990690231323,-0.029810205101966858,0,0.02294510044157505,0.030777806416153908,0.9992629885673523,0,0,0.10709799826145172,-0.009494000114500523,1
B2,mixamorig_Spine1,1,0.9996150135993958,0.027586573734879494,-0.002900914289057255,0,-0.02752242237329483,0.9994169473648071,0.020222317427396774,0,0.003457085695117712,-0.020134681835770607,0.9997910857200623,0,0,0.12543700635433197,0,1
B3,mixamorig_Spine2,2,0.9996110200881958,0.027679096907377243,-0.0033346754498779774,0,-0.02760789543390274,0.9994230270385742,0.019782869145274162,0,0.00388032547198236,-0.019683120772242546,0.9997989535331726,0,0,0.14335699379444122,0,1
B4,mixamorig_Neck,3,0.9999679923057556,0.007468866184353828,0.0029106135480105877,0,-0.00787920318543911,0.9826080203056335,0.1855219602584839,0,-0.0014743544161319733,-0.18553903698921204,0.9826359152793884,0,0,0.16127699613571167,0,1
B5,mixamorig_Head,4,0.9997130036354065,-0.0046082790940999985,-0.02351498417556286,0,0.0014727278612554073,0.9912950396537781,-0.13165472447872162,0,0.023916978389024734,0.13158226013183594,0.9910169243812561,0,0,0.10089600086212158,0.021414000540971756,1
B6,mixamorig_HeadTop_End,5,1,0,0,0,0,1,0,0,0,0,1,0,0,0.2656700015068054,0.05638499930500984,1
B7,mixamorig_LeftShoulder,3,0.2554108202457428,0.022404396906495094,-0.9665729403495789,0,0.8215917348861694,-0.5320310592651367,0.2047683447599411,0,-0.5096589922904968,-0.8464280366897583,-0.15429362654685974,0,0.08264800161123276,0.13376399874687195,-0.0022670000325888395,1
B8,mixamorig_LeftArm,7,0.9494919776916504,0.23761583864688873,-0.2049470990896225,0,0.021150799468159676,0.6031840443611145,0.7973210215568542,0,0.31307706236839294,-0.7613850831985474,0.5676929354667664,0,0,0.16730499267578125,0,1
B9,mixamorig_LeftForeArm,8,0.9996579885482788,0.025356777012348175,0.0063210842199623585,0,-0.02537122741341591,0.999675989151001,0.002213189145550132,0,-0.006262920331209898,-0.0023728073574602604,0.9999780654907227,0,0,0.2898479998111725,0,1
B10,mixamorig_LeftHand,9,0.8192489147186279,0.23404398560523987,0.523501992225647,0,-0.2786679267883301,0.9603639841079712,0.00674494868144393,0,-0.5011739134788513,-0.15140902996063232,0.8519979119300842,0,0,0.2540839910507202,0,1
B11,mixamorig_LeftHandThumb1,10,0.9697879552841187,0.18882383406162262,-0.154458150267601,0,-0.12558613717556,0.9292398691177368,0.3474772572517395,0,0.2091408669948578,-0.31758177280426025,0.9248801469802856,0,-0.03467699885368347,0.04682299867272377,0.012318000197410583,1
B12,mixamorig_LeftHandThumb2,11,0.8763970732688904,-0.4675489366054535,-0.11544149369001389,0,0.44418713450431824,0.8773859143257141,-0.18136082589626312,0,0.1860816776752472,0.10766638815402985,0.9766169786453247,0,-0.00408599991351366,0.04746700078248978,0,1
B13,mixamorig_LeftHandThumb3,12,0.9796439409255981,0.14819805324077606,0.13540810346603394,0,-0.10874693840742111,0.9587660431861877,-0.2625690996646881,0,-0.16873686015605927,0.24249893426895142,0.9553650617599487,0,-0.0007469999836757779,0.04924299940466881,0,1
B14,mixamorig_LeftHandThumb4,13,1,0,0,0,0,1,0,0,0,0,1,0,0.0048329997807741165,0.03539799898862839,0,1
B15,mixamorig_LeftHandIndex1,10,0.9792230725288391,-0.20190662145614624,-0.0188704002648592,0,0.20278635621070862,0.9750649333000183,0.09014205634593964,0,0.00019958750635851175,-0.09209585189819336,0.9957500100135803,0,-0.02740499936044216,0.1222589984536171,-0.002337000099942088,1
B16,mixamorig_LeftHandIndex2,15,0.9986600279808044,-0.051120858639478683,-0.008040010929107666,0,0.0511961355805397,0.9533339738845825,0.2975471615791321,0,-0.007546044886112213,-0.29755985736846924,0.9546729922294617,0,0.0002229999954579398,0.041854001581668854,0,1
B17,mixamorig_LeftHandIndex3,16,0.999966025352478,-0.00814618170261383,-0.0009622008656151593,0,0.008200791664421558,0.9902130365371704,0.13932393491268158,0,-0.00018217416072729975,-0.1393270641565323,0.9902459979057312,0,-0.0003000000142492354,0.04227399826049805,0,1
B18,mixamorig_LeftHandIndex4,17,1,0,0,0,0,1,0,0,0,0,1,0,0.0000779999973019585,0.030153999105095863,0,1
B19,mixamorig_LeftHandMiddle1,10,0.9588711261749268,-0.2801908552646637,-0.04539010301232338,0,0.28306707739830017,0.9321228861808777,0.22587530314922333,0,-0.020979033783078194,-0.22943364083766937,0.9730980396270752,0,0.02740499936044216,0.12241200357675552,-0.005427999887615442,1
B20,mixamorig_LeftHandMiddle2,19,0.9999900460243225,-0.004300814587622881,-0.0013849978568032384,0,0.004518177360296249,0.954259991645813,0.29894381761550903,0,0.00003594607187551446,-0.2989470958709717,0.9542699456214905,0,-0.0006890000076964498,0.04588700085878372,0,1
B21,mixamorig_LeftHandMiddle3,20,0.9992649555206299,-0.03820706903934479,-0.0032370593398809433,0,0.03727491945028305,0.9481421113014221,0.3156547248363495,0,-0.008991044014692307,-0.3155432343482971,0.9488688707351685,0,0.00047900000936351717,0.04020699858665466,0,1
B22,mixamorig_LeftHandMiddle4,21,1,0,0,0,0,1,0,0,0,0,1,0,0.0002099999983329326,0.025973999872803688,0,1
B23,mixamorig_RightShoulder,3,0.21278785169124603,-0.029278099536895752,0.9766600728034973,0,-0.8106520771980286,-0.563319981098175,0.1597321331501007,0,0.5454950332641602,-0.8257200121879578,-0.1436019241809845,0,-0.08264800161123276,0.13379499316215515,-0.0026080000679939985,1
B24,mixamorig_RightArm,23,0.8751088976860046,-0.3229251503944397,0.36042192578315735,0,-0.02555517666041851,0.7129098773002625,0.7007899880409241,0,-0.4832508862018585,-0.6224779486656189,0.6156211495399475,0,0,0.16730499267578125,0,1
B25,mixamorig_RightForeArm,24,0.9932299852371216,-0.11601701378822327,-0.00581869063898921,0,0.11607397347688675,0.9931830167770386,0.01065990049391985,0,0.0045422958210110664,-0.011263133026659489,0.999925971031189,0,0,0.2897639870643616,0,1
B26,mixamorig_RightHand,25,0.9285821318626404,-0.1988501399755478,-0.3133598864078522,0,0.23637884855270386,0.9678200483322144,0.08630978316068649,0,0.28611311316490173,-0.15421728789806366,0.9457038640975952,0,0,0.25381898880004883,0,1
B27,mixamorig_RightHandThumb1,26,0.9710180759429932,-0.20609557628631592,0.12102776765823364,0,0.1522732526063919,0.923771858215332,0.3513672649860382,0,-0.18421728909015656,-0.3227546811103821,0.9283820390701294,0,0.033647000789642334,0.050099000334739685,0.013043999671936035,1
B28,mixamorig_RightHandThumb2,27,0.8456200361251831,0.5269639492034912,0.08506600558757782,0,-0.5088839530944824,0.8439750075340271,-0.1695379763841629,0,-0.1611340343952179,0.10007601976394653,0.981846034526825,0,0.005342999938875437,0.0491040013730526,0,1
B29,mixamorig_RightHandThumb3,28,0.9667719602584839,-0.22932933270931244,-0.11295588314533234,0,0.17995372414588928,0.9243441820144653,-0.33645880222320557,0,0.18157002329826355,0.3049522042274475,0.9348989129066467,0,0.001677999971434474,0.05039599910378456,0,1
B30,mixamorig_RightHandThumb4,29,1,0,0,0,0,1,0,0,0,0,1,0,-0.007019999902695417,0.03365899994969368,0,1
B31,mixamorig_RightHandIndex1,26,0.9809489250183105,0.19352003931999207,0.01700609177350998,0,-0.19426491856575012,0.9774379730224609,0.08291898667812347,0,-0.0005759135237894952,-0.08464299142360687,0.9964110255241394,0,0.027925999835133553,0.13193699717521667,-0.0024709999561309814,1
B32,mixamorig_RightHandIndex2,31,0.9991689920425415,0.04021299630403519,0.006599054206162691,0,-0.04034898057579994,0.9535709023475647,0.29845333099365234,0,0.005709036719053984,-0.298471599817276,0.9544011354446411,0,-0.00008099999831756577,0.0418579988181591,0,1
B33,mixamorig_RightHandIndex3,32,1,-0.000007327626008191146,0.00007533648022217676,0,-0.000003277364612586098,0.9901780486106873,0.13981300592422485,0,-0.00007562102109659463,-0.13981300592422485,0.9901780486106873,0,0.00025400001322850585,0.04016900062561035,0,1
B34,mixamorig_RightHandIndex4,33,1,0,0,0,0,1,0,0,0,0,1,0,-0.0001740000006975606,0.028599999845027924,0,1
B35,mixamorig_RightHandMiddle1,26,0.9658669233322144,0.25672414898872375,0.03454415127635002,0,-0.2578887939453125,0.9404470324516296,0.22147910296916962,0,0.02437208779156208,-0.22282789647579193,0.9745530486106873,0,-0.027925999835133553,0.12709200382232666,-0.004821999929845333,1
B36,mixamorig_RightHandMiddle2,35,0.9997969269752502,0.019754061475396156,0.00401304429396987,0,-0.020048923790454865,0.953860878944397,0.2995791733264923,0,0.002090018941089511,-0.299598753452301,0.9540631175041199,0,0.0002300000051036477,0.046762000769376755,0,1
B37,mixamorig_RightHandMiddle3,36,0.9998360276222229,0.018063021823763847,0.0012447942281141877,0,-0.017529042437672615,0.9484770894050598,0.31636205315589905,0,0.004533795639872551,-0.3163319528102875,0.9486380219459534,0,-0.000007999999979801942,0.039399001747369766,0,1
B38,mixamorig_RightHandMiddle4,37,1,0,0,0,0,1,0,0,0,0,1,0,-0.00022200000239536166,0.025496000424027443,0,1
B39,mixamorig_LeftUpLeg,0,-0.9492849707603455,-0.14295810461044312,0.2800360321998596,0,0.17472383379936218,-0.9803251028060913,0.09183568507432938,0,0.26139792799949646,0.13610734045505524,0.9555869698524475,0,0.0853089988231659,-0.059519000351428986,-0.02361300028860569,1
B40,mixamorig_LeftLeg,39,0.999131977558136,0.0349593460559845,0.0226520374417305,0,-0.02968067303299904,0.9789891242980957,-0.20174382627010345,0,-0.029228899627923965,0.20089617371559143,0.9791759252548218,0,0,0.4173789918422699,0,1
B41,mixamorig_LeftFoot,40,0.9944700598716736,-0.08985495567321777,-0.054361600428819656,0,0.08568236231803894,0.3948878049850464,0.9147250056266785,0,-0.060725871473550797,-0.914324939250946,0.40040329098701477,0,0,0.3756139874458313,0,1
B42,mixamorig_LeftToeBase,41,0.99850994348526,-0.0014093052595853806,0.0545538105070591,0,-0.02535535767674446,0.8732330799102783,0.486642986536026,0,-0.048324014991521835,-0.4873010218143463,0.8718960881233215,0,0,0.14682799577713013,0,1
B43,mixamorig_LeftToe_End,42,1,0,0,0,0,1,0,0,0,0,1,0,0,0.0686199963092804,0,1
B44,mixamorig_RightUpLeg,0,-0.9834900498390198,-0.03452726826071739,-0.17763906717300415,0,0.04727973788976669,-0.9965600967407227,-0.06806302815675735,0,-0.17467793822288513,-0.07533802092075348,0.9817389845848083,0,-0.0853089988231659,-0.059519000351428986,-0.021320000290870667,1
B45,mixamorig_RightLeg,44,0.985443115234375,-0.030761905014514923,-0.16720078885555267,0,0.017016088590025902,0.9964020252227783,-0.08303093165159225,0,0.16915321350097656,0.0789770781993866,0.9824199676513672,0,0,0.41741400957107544,0,1
B46,mixamorig_RightFoot,45,0.9990229606628418,0.019145725294947624,0.03983120620250702,0,-0.04395290091633797,0.3364792466163635,0.9406649470329285,0,0.004607337061315775,-0.9414960145950317,0.3369917869567871,0,0,0.3755069971084595,0,1
B47,mixamorig_RightToeBase,46,0.9987480044364929,0.0017668545478954911,-0.04998494312167168,0,0.02452590875327587,0.8536759614944458,0.5202271342277527,0,0.04359012469649315,-0.5208019018173218,0.8525640964508057,0,0,0.14756600558757782,0,1
B48,mixamorig_RightToe_End,47,1,0,0,0,0,1,0,0,0,0,1,0,0,0.06801299750804901,0,1
@40,0,1,2,3,4,5,7,8,9,10,11,12,13,15,16,17,19,20,21,23,24,25,26,27,28,29,31,32,33,35,36,37,39,40,41,42,44,45,46,47
K0,0.9942089915275574,-0.051196176558732986,0.09448172897100449,0,0.05703481659293175,0.9965580105781555,-0.06016583368182182,0,-0.09107626229524612,0.06520616263151169,0.9937069416046143,0,0.0013589999871328473,0.9160339832305908,0.020956000313162804,1,0.9988799691200256,0.04066823795437813,-0.024188902229070663,0,-0.04138275608420372,0.9986990690231323,-0.02981020137667656,0,0.022945092990994453,0.03077780082821846,0.9992629885673523,0,0,0.10709799826145172,-0.009494000114500523,1,0.9996150135993958,0.027586575597524643,-0.002900914289057255,0,-0.02752242423593998,0.9994169473648071,0.020222319290041924,0,0.0034570859279483557,-0.020134683698415756,0.9997910857200623,0,0,0.12543700635433197,0,1,0.9996110200881958,0.02767910063266754,-0.00333467498421669,0,-0.02760789915919304,0.9994230270385742,0.01978287473320961,0,0.0038803252391517162,-0.019683126360177994,0.9997989535331726,0,0,0.14335699379444122,0,1,0.9999679923057556,0.007468829862773418,0.002910626120865345,0,-0.007879169657826424,0.9826080203056335,0.1855219602584839,0,-0.0014743736246600747,-0.18553903698921204,0.9826359152793884,0,0,0.16127699613571167,0,1,0.9997130036354065,-0.004608276765793562,-0.0235150009393692,0,0.001472723321057856,0.9912950396537781,-0.13165472447872162,0,0.023916995152831078,0.13158226013183594,0.9910169243812561,0,0,0.10089600086212158,0.021414000540971756,1,0.2554108798503876,0.022404544055461884,-0.9665729403495789,0,0.8215915560722351,-0.5320314168930054,0.20476828515529633,0,-0.5096592307090759,-0.846427857875824,-0.15429389476776123,0,0.08264800161123276,0.13376399874687195,-0.0022670000325888395,1,0.9494920372962952,0.23761579394340515,-0.20494700968265533,0,0.02115079015493393,0.6031839847564697,0.7973209619522095,0,0.3130769431591034,-0.7613850831985474,0.5676928758621216,0,0,0.16730499267578125,0,1,0.9996579885482788,0.025356775149703026,0.006321081891655922,0,-0.02537122555077076,0.999675989151001,0.002213191008195281,0,-0.0062629180029034615,-0.0023728092201054096,0.9999780654907227,0,0,0.2898479998111725,0,1,0.8192489147186279,0.23404401540756226,0.5235020518302917,0,-0.27866795659065247,0.9603639841079712,0.006744939833879471,0,-0.5011739730834961,-0.15140904486179352,0.8519978523254395,0,0,0.2540839910507202,0,1,0.9697879552841187,0.18882381916046143,-0.15445813536643982,0,-0.1255861520767212,0.9292398691177368,0.3474772274494171,0,0.2091408371925354,-0.31758174300193787,0.9248802065849304,0,-0.03467699885368347,0.04682299867272377,0.012318000197410583,1,0.8763970732688904,-0.4675488770008087,-0.1154414489865303,0,0.44418710470199585,0.8773859739303589,-0.18136070668697357,0,0.18608157336711884,0.10766630619764328,0.9766169786453247,0,-0.00408599991351366,0.04746700078248978,0,1,0.9796439409255981,0.14819805324077606,0.13540811836719513,0,-0.10874693840742111,0.9587660431861877,-0.2625690698623657,0,-0.16873687505722046,0.24249890446662903,0.9553650617599487,0,-0.0007469999836757779,0.04924299940466881,0,1,0.9792230725288391,-0.20190663635730743,-0.018870411440730095,0,0.2027863711118698,0.9750649333000183,0.09014210104942322,0,0.00019958782650064677,-0.09209589660167694,0.9957500100135803,0,-0.02740499936044216,0.1222589984536171,-0.002337000099942088,1,0.9986600279808044,-0.051120858639478683,-0.008040027692914009,0,0.0511961430311203,0.9533339738845825,0.2975471615791321,0,-0.007546028587967157,-0.29755985736846924,0.9546729922294617,0,0.0002229999954579398,0.041854001581668854,0,1,0.999966025352478,-0.008146196603775024,-0.0009621884673833847,0,0.008200803771615028,0.9902130365371704,0.13932393491268158,0,-0.00018218853801954538,-0.1393270641565323,0.9902459979057312,0,-0.0003000000142492354,0.04227399826049805,0,1,0.9588711261749268,-0.2801908850669861,-0.04539007693529129,0,0.28306710720062256,0.9321228861808777,0.22587533295154572,0,-0.020979076623916626,-0.22943365573883057,0.9730980396270752,0,0.02740499936044216,0.12241200357675552,-0.005427999887615442,1,0.9999900460243225,-0.004300814587622881,-0.0013850266113877296,0,0.004518185742199421,0.954259991645813,0.2989438474178314,0,0.00003597344766603783,-0.29894712567329407,0.9542699456214905,0,-0.0006890000076964498,0.04588700085878372,0,1,0.9992649555206299,-0.038207076489925385,-0.0032370537519454956,0,0.03727492690086365,0.9481421113014221,0.3156547546386719,0,-0.008991053327918053,-0.3155432641506195,0.9488688707351685,0,0.00047900000936351717,0.04020699858665466,0,1,0.21278804540634155,-0.029278161004185677,0.9766599535942078,0,-0.8106518983840942,-0.563319981098175,0.15973219275474548,0,0.5454951524734497,-0.8257198333740234,-0.14360201358795166,0,-0.08264800161123276,0.13379499316215515,-0.0026080000679939985,1,0.8751088976860046,-0.3229251801967621,0.3604219853878021,0,-0.0255551990121603,0.7129098773002625,0.7007899880409241,0,-0.4832509458065033,-0.6224779486656189,0.6156210899353027,0,0,0.16730499267578125,0,1,0.9932299852371216,-0.11601701378822327,-0.005818696692585945,0,0.11607397347688675,0.9931830167770386,0.010659881867468357,0,0.004542303737252951,-0.011263116262853146,0.999925971031189,0,0,0.2897639870643616,0,1,0.9285820722579956,-0.19885016977787018,-0.3133598864078522,0,0.23637887835502625,0.9678200483322144,0.08630974590778351,0,0.2861131429672241,-0.15421727299690247,0.9457038640975952,0,0,0.25381898880004883,0,1,0.9710180759429932,-0.2060956507921219,0.12102772295475006,0,0.15227332711219788,0.9237717986106873,0.3513672947883606,0,-0.18421727418899536,-0.32275471091270447,0.9283820390701294,0,0.033647000789642334,0.050099000334739685,0.013043999671936035,1,0.8456199765205383,0.526964008808136,0.08506597578525543,0,-0.5088840126991272,0.8439750075340271,-0.1695379763841629,0,-0.1611340194940567,0.10007601976394653,0.981846034526825,0,0.005342999938875437,0.0491040013730526,0,1,0.9667719602584839,-0.22932931780815125,-0.11295593529939651,0,0.1799537092447281,0.9243441820144653,-0.33645880222320557,0,0.18157006800174713,0.3049522042274475,0.9348989129066467,0,0.001677999971434474,0.05039599910378456,0,1,0.9809489250183105,0.19352003931999207,0.01700608991086483,0,-0.19426491856575012,0.9774379730224609,0.08291900157928467,0,-0.0005759102059528232,-0.08464300632476807,0.9964109659194946,0,0.027925999835133553,0.13193699717521667,-0.0024709999561309814,1,0.9991689920425415,0.04021300747990608,0.006599047686904669,0,-0.04034899175167084,0.9535709023475647,0.29845336079597473,0,0.005709047429263592,-0.2984716296195984,0.9544011354446411,0,-0.00008099999831756577,0.0418579988181591,0,1,1,-0.0000073039886956394184,0.00007535949407611042,0,-0.000003303988933112123,0.9901780486106873,0.13981302082538605,0,-0.00007564051338704303,-0.13981302082538605,0.9901780486106873,0,0.00025400001322850585,0.04016900062561035,0,1,0.9658669233322144,0.25672417879104614,0.03454412519931793,0,-0.2578888237476349,0.9404470324516296,0.2214791178703308,0,0.024372126907110214,-0.22282791137695312,0.9745530486106873,0,-0.027925999835133553,0.12709200382232666,-0.004821999929845333,1,0.9997969269752502,0.019754068925976753,0.004013033118098974,0,-0.020048927515745163,0.953860878944397,0.2995792031288147,0,0.00209003291092813,-0.2995987832546234,0.9540631175041199,0,0.0002300000051036477,0.046762000769376755,0,1,0.9998360276222229,0.01806298829615116,0.0012447896879166365,0,-0.01752900891005993,0.9484770894050598,0.31636205315589905,0,0.004533789120614529,-0.3163319528102875,0.9486380219459534,0,-0.000007999999979801942,0.039399001747369766,0,1,-0.9492849707603455,-0.1429581493139267,0.2800360321998596,0,0.17472387850284576,-0.9803251028060913,0.09183565527200699,0,0.26139792799949646,0.13610732555389404,0.9555869698524475,0,0.0853089988231659,-0.059519000351428986,-0.02361300028860569,1,0.999131977558136,0.0349593423306942,0.022652069106698036,0,-0.029680661857128143,0.9789891242980957,-0.20174382627010345,0,-0.029228931292891502,0.20089617371559143,0.9791759252548218,0,0,0.4173789918422699,0,1,0.9944700598716736,-0.08985470980405807,-0.05436163768172264,0,0.08568229526281357,0.3948877155780792,0.914725124835968,0,-0.06072564423084259,-0.9143250584602356,0.40040314197540283,0,0,0.3756139874458313,0,1,0.99850994348526,-0.001409352058544755,0.05455389246344566,0,-0.025355355814099312,0.8732330799102783,0.486642986536026,0,-0.0483241081237793,-0.4873010218143463,0.8718960881233215,0,0,0.14682799577713013,0,1,-0.9834900498390198,-0.03452726826071739,-0.17763905227184296,0,0.047279730439186096,-0.9965600967407227,-0.06806300580501556,0,-0.17467792332172394,-0.07533799856901169,0.9817389845848083,0,-0.0853089988231659,-0.059519000351428986,-0.021320000290870667,1,0.985443115234375,-0.03076190873980522,-0.16720078885555267,0,0.0170160923153162,0.9964020252227783,-0.08303093165159225,0,0.16915321350097656,0.0789770781993866,0.9824199676513672,0,0,0.41741400957107544,0,1,0.9990229606628418,0.019145864993333817,0.03983140364289284,0,-0.04395313560962677,0.3364792466163635,0.9406649470329285,0,0.004607402253895998,-0.9414960145950317,0.3369917869567871,0,0,0.3755069971084595,0,1,0.9987480044364929,0.0017668723594397306,-0.049984902143478394,0,0.024525873363018036,0.8536759614944458,0.5202271342277527,0,0.04359009861946106,-0.5208019018173218,0.8525640964508057,0,0,0.14756600558757782,0,1
K0.033,0.9941810369491577,-0.051189977675676346,0.09478616714477539,0,0.05704702436923981,0.9965580701828003,-0.06014888361096382,0,-0.09138085693120956,0.0652061253786087,0.9936789870262146,0,0.0013740001013502479,0.9160249829292297,0.020889997482299805,1,0.9988800287246704,0.040661223232746124,-0.024189792573451996,0,-0.04137576371431351,0.9986989498138428,-0.029810253530740738,0,0.022946201264858246,0.030777741223573685,0.9992629289627075,0,0,0.10709799826145172,-0.009494000114500523,1,0.9996150135993958,0.027585644274950027,-0.002908978145569563,0,-0.02752235345542431,0.9994230270385742,0.019927868619561195,0,0.0034570209681987762,-0.019840124994516373,0.999796986579895,0,0,0.12543700635433197,0,1,0.9996110200881958,0.027678096666932106,-0.003342814277857542,0,-0.027607902884483337,0.9994290471076965,0.01948392391204834,0,0.0038801857735961676,-0.019384069368243217,0.9998049139976501,0,0,0.14335699379444122,0,1,0.9999679923057556,0.007468829862773418,0.002910626120865345,0,-0.007879169657826424,0.9826080203056335,0.1855219602584839,0,-0.0014743736246600747,-0.18553903698921204,0.9826359152793884,0,0,0.16127699613571167,0,1,0.9997130036354065,-0.004350286442786455,-0.02355882339179516,0,0.0012367101153358817,0.9914349317550659,-0.13059525191783905,0,0.0239251758903265,0.13052868843078613,0.9911560416221619,0,0,0.10089600086212158,0.021414000540971756,1,0.25622013211250305,0.02237120270729065,-0.9663598537445068,0,0.8212077617645264,-0.532375156879425,0.20541006326675415,0,-0.5098710656166077,-0.8462128639221191,-0.1547766625881195,0,0.08264800161123276,0.13376399874687195,-0.0022670000325888395,1,0.9465619921684265,0.24363096058368683,-0.21133697032928467,0,0.021332863718271255,0.6065370440483093,0.7947689294815063,0,0.3218142092227936,-0.7568070292472839,0.5689279437065125,0,0,0.16730499267578125,0,1,0.9995229840278625,0.030242977663874626,0.006332882214337587,0,-0.03026018850505352,0.9995390176773071,0.0026398219633847475,0,-0.006250118371099234,-0.0028301929123699665,0.9999759793281555,0,0,0.2898479998111725,0,1,0.8153481483459473,0.23580482602119446,0.5287758708000183,0,-0.2804872691631317,0.9598468542098999,0.004459799267351627,0,-0.5064923167228699,-0.15195120871067047,0.8487497568130493,0,0,0.2540839910507202,0,1,0.9694238901138306,0.19582150876522064,-0.14788681268692017,0,-0.13450179994106293,0.9280861020088196,0.34722480177879333,0,0.2052459418773651,-0.3167172372341156,0.9260479807853699,0,-0.03467699885368347,0.04682299867272377,0.012318000197410583,1,0.8793161511421204,-0.46198761463165283,-0.1156352162361145,0,0.4381970167160034,0.8799560070037842,-0.18346573412418365,0,0.1865127831697464,0.110653355717659,0.9762009382247925,0,-0.00408599991351366,0.04746700078248978,0,1,0.9796019792556763,0.1486019343137741,0.13526412844657898,0,-0.10916007310152054,0.9586911201477051,-0.26267072558403015,0,-0.1687098741531372,0.24254727363586426,0.9553569555282593,0,-0.0007469999836757779,0.04924299940466881,0,1,0.9799479842185974,-0.19836190342903137,-0.018809083849191666,0,0.19923794269561768,0.9766190052032471,0.08074819296598434,0,0.0023519443348050117,-0.08287651091814041,0.9965570569038391,0,-0.02740499936044216,0.1222589984536171,-0.002337000099942088,1,0.9986600279808044,-0.051120709627866745,-0.008041027933359146,0,0.05119629204273224,0.9533339738845825,0.2975471317768097,0,-0.00754502834752202,-0.2975598871707916,0.9546729922294617,0,0.0002229999954579398,0.041854001581668854,0,1,0.999966025352478,-0.008146231062710285,-0.000961688463576138,0,0.008200769312679768,0.9902130365371704,0.13932393491268158,0,-0.00018268854182679206,-0.1393270492553711,0.9902459979057312,0,-0.0003000000142492354,0.04227399826049805,0,1,0.9595040678977966,-0.2780788242816925,-0.04498489946126938,0,0.28112009167671204,0.9350729584693909,0.21589213609695435,0,-0.017970867455005646,-0.2197955995798111,0.9753801226615906,0,0.02740499936044216,0.12241200357675552,-0.005427999887615442,1,0.999989926815033,-0.004321321379393339,-0.0013880999758839607,0,0.004538679029792547,0.9542020559310913,0.29912787675857544,0,0.00003190007555531338,-0.2991311252117157,0.954211950302124,0,-0.0006890000076964498,0.04588700085878372,0,1,0.9992640614509583,-0.038227107375860214,-0.003242436796426773,0,0.03729388862848282,0.9480800628662109,0.31583675742149353,0,-0.008999436162412167,-0.3157252371311188,0.9488078951835632,0,0.00047900000936351717,0.04020699858665466,0,1,0.21296128630638123,-0.029327863827347755,0.9766199588775635,0,-0.8108530640602112,-0.5629799365997314,0.1599079668521881,0,0.5451281070709229,-0.8259500861167908,-0.14367364346981049,0,-0.08264800161123276,0.13379499316215515,-0.0026080000679939985,1,0.8695960640907288,-0.33156201243400574,0.36588194966316223,0,-0.01976883038878441,0.7170321345329285,0.6967588663101196,0,-0.49336808919906616,-0.6131319999694824,0.6169739365577698,0,0,0.16730499267578125,0,1,0.9923770427703857,-0.12309786677360535,-0.0058972532860934734,0,0.12315837293863297,0.9923229217529297,0.01130997110158205,0,0.004459746181964874,-0.011950052343308926,0.9999189972877502,0,0,0.2897639870643616,0,1,0.9271059632301331,-0.1949651539325714,-0.320097953081131,0,0.2339767962694168,0.9682580232620239,0.08792535215616226,0,0.2927953004837036,-0.15641175210475922,0.943295955657959,0,0,0.25381898880004883,0,1,0.9707890748977661,-0.20781591534614563,0.11991993337869644,0,0.15417516231536865,0.9232619404792786,0.35187608003616333,0,-0.18384303152561188,-0.3231089115142822,0.9283329844474792,0,0.033647000789642334,0.050099000334739685,0.013043999671936035,1,0.8461142182350159,0.5261886119842529,0.08494789153337479,0,-0.5081253051757812,0.8444357514381409,-0.1695210188627243,0,-0.16093310713768005,0.10026998817920685,0.981859028339386,0,0.005342999938875437,0.0491040013730526,0,1,0.9668300151824951,-0.22903388738632202,-0.11306591331958771,0,0.17964208126068115,0.9244149923324585,-0.33643195033073425,0,0.18157410621643066,0.30496105551719666,0.9348959922790527,0,0.001677999971434474,0.05039599910378456,0,1,0.9810619950294495,0.19292399287223816,0.017252786085009575,0,-0.19368699193000793,0.9778809547424316,0.07895828783512115,0,-0.0016382228350266814,-0.08080464601516724,0.9967290759086609,0,0.027925999835133553,0.13193699717521667,-0.0024709999561309814,1,0.9991680383682251,0.04023288935422897,0.0066068111918866634,0,-0.04036911949515343,0.9535090327262878,0.2986477315425873,0,0.005715811159461737,-0.2986662983894348,0.9543408751487732,0,-0.00008099999831756577,0.0418579988181591,0,1,1,0.000013154293810657691,0.00007730164361419156,0,-0.000023848102500778623,0.9901490211486816,0.14001502096652985,0,-0.00007469834963558242,-0.14001502096652985,0.9901490211486816,0,0.00025400001322850585,0.04016900062561035,0,1,0.9662209749221802,0.2554129660129547,0.03437209129333496,0,-0.2567260265350342,0.942237913608551,0.2151252180337906,0,0.02255908027291298,-0.21668267250061035,0.9759810566902161,0,-0.027925999835133553,0.12709200382232666,-0.004821999929845333,1,0.9997969269752502,0.019754068925976753,0.004013033118098974,0,-0.020048927515745163,0.953860878944397,0.2995792031288147,0,0.00209003291092813,-0.2995987832546234,0.9540631175041199,0,0.0002300000051036477,0.046762000769376755,0,1,0.9998360276222229,0.01806298829615116,0.0012447896879166365,0,-0.01752900891005993,0.9484770894050598,0.31636205315589905,0,0.004533789120614529,-0.3163319528102875,0.9486380219459534,0,-0.000007999999979801942,0.039399001747369766,0,1,-0.9492889046669006,-0.14293639361858368,0.28003618121147156,0,0.1746746003627777,-0.9803431034088135,0.09173797816038132,0,0.26141878962516785,0.13600103557109833,0.9555960297584534,0,0.0853089988231659,-0.059519000351428986,-0.02361300028860569,1,0.9991210699081421,0.035029903054237366,0.023014910519123077,0,-0.029691094532608986,0.9790850281715393,-0.20127208530902863,0,-0.029584107920527458,0.20041191577911377,0.9792649745941162,0,0,0.4173789918422699,0,1,0.9944419860839844,-0.09017007052898407,-0.05435016006231308,0,0.08582192659378052,0.39523404836654663,0.9145629405975342,0,-0.06098515912890434,-0.9141440391540527,0.4007757902145386,0,0,0.3756139874458313,0,1,0.99850994348526,-0.001409352058544755,0.05455389246344566,0,-0.025355355814099312,0.8732330799102783,0.486642986536026,0,-0.0483241081237793,-0.4873010218143463,0.8718960881233215,0,0,0.14682799577713013,0,1,-0.9834821224212646,-0.03467576950788498,-0.17765195667743683,0,0.0473262295126915,-0.9965980648994446,-0.0674729198217392,0,-0.1747080534696579,-0.07476606220006943,0.9817780256271362,0,-0.0853089988231659,-0.059519000351428986,-0.021320000290870667,1,0.9854599833488464,-0.031128916889429092,-0.16703088581562042,0,0.017248084768652916,0.9963229894638062,-0.08391955494880676,0,0.1690291315317154,0.07981845736503601,0.9823740124702454,0,0,0.41741400957107544,0,1,0.9990220069885254,0.019253086298704147,0.039807092398405075,0,-0.04396491497755051,0.33618664741516113,0.9407691955566406,0,0.004730093292891979,-0.9415990114212036,0.3367042541503906,0,0,0.3755069971084595,0,1,0.9987480044364929,0.0017668853979557753,-0.04998490586876869,0,0.02452588453888893,0.8536753058433533,0.5202275514602661,0,0.04359009116888046,-0.5208024382591248,0.852563738822937,0,0,0.14756600558757782,0,1
K0.067,0.9940950870513916,-0.05119502544403076,0.09567800164222717,0,0.057105980813503265,0.9965580701828003,-0.060097046196460724,0,-0.09227200597524643,0.06520596146583557,0.9935970306396484,0,0.0013909998815506697,0.9160209894180298,0.02074800245463848,1,0.9988809823989868,0.040665145963430405,-0.024162372574210167,0,-0.04137885943055153,0.9986990690231323,-0.029811294749379158,0,0.02291863039135933,0.030777709558606148,0.9992629885673523,0,0,0.10709799826145172,-0.009494000114500523,1,0.9996150135993958,0.027579190209507942,-0.002867969684302807,0,-0.027517808601260185,0.9994289875030518,0.019605226814746857,0,0.003407031297683716,-0.01951877772808075,0.9998040199279785,0,0,0.12543700635433197,0,1,0.9996110200881958,0.027675962075591087,-0.003341822884976864,0,-0.027607036754488945,0.9994350075721741,0.019158853217959404,0,0.0038701770827174187,-0.019059155136346817,0.9998109936714172,0,0,0.14335699379444122,0,1,0.9999679923057556,0.007468829862773418,0.002910626120865345,0,-0.007879169657826424,0.9826080203056335,0.1855219602584839,0,-0.0014743736246600747,-0.18553903698921204,0.9826359152793884,0,0,0.16127699613571167,0,1,0.9997149705886841,-0.004187015350908041,-0.023505285382270813,0,0.0011049873428419232,0.9915620684623718,-0.12963096797466278,0,0.023849716410040855,0.12956804037094116,0.9912840127944946,0,0,0.10089600086212158,0.021414000540971756,1,0.256830096244812,0.02238994650542736,-0.9661969542503357,0,0.8210668563842773,-0.53239905834198,0.20591479539871216,0,-0.5097917914390564,-0.8461970686912537,-0.1551196128129959,0,0.08264800161123276,0.13376399874687195,-0.0022670000325888395,1,0.9424870014190674,0.2515491545200348,-0.22009260952472687,0,0.02180621773004532,0.6108040809631348,0.7914819717407227,0,0.3335301876068115,-0.750761091709137,0.5701897740364075,0,0,0.16730499267578125,0,1,0.9992290139198303,0.03873688355088234,0.006358903367072344,0,-0.03875894472002983,0.9992429614067078,0.0033815638162195683,0,-0.006223097909241915,-0.003625420853495598,0.9999740123748779,0,0,0.2898479998111725,0,1,0.8085342049598694,0.23969803750514984,0.5374177098274231,0,-0.2854108512401581,0.9584029912948608,0.0019298280822113156,0,-0.5146000385284424,-0.15494515001773834,0.8433138728141785,0,0,0.2540839910507202,0,1,0.968455970287323,0.2101900428533554,-0.13384109735488892,0,-0.1529756635427475,0.9254870414733887,0.346515029668808,0,0.19670212268829346,-0.3151099681854248,0.9284470081329346,0,-0.03467699885368347,0.04682299867272377,0.012318000197410583,1,0.886833906173706,-0.44722625613212585,-0.11625241488218307,0,0.4223061203956604,0.8865380883216858,-0.1889657974243164,0,0.18757258355617523,0.11848711967468262,0.9750780463218689,0,-0.00408599991351366,0.04746700078248978,0,1,0.97946697473526,0.14995397627353668,0.1347532570362091,0,-0.11054301261901855,0.9584279656410217,-0.2630500793457031,0,-0.16859672963619232,0.24275287985801697,0.9553251266479492,0,-0.0007469999836757779,0.04924299940466881,0,1,0.9812628626823425,-0.19177232682704926,-0.018598807975649834,0,0.19258980453014374,0.9790860414505005,0.06557603925466537,0,0.005634162109345198,-0.06792926043272018,0.9976739883422852,0,-0.02740499936044216,0.1222589984536171,-0.002337000099942088,1,0.9986600279808044,-0.051120709627866745,-0.008041027933359146,0,0.05119629204273224,0.9533339738845825,0.2975471317768097,0,-0.00754502834752202,-0.2975598871707916,0.9546729922294617,0,0.0002229999954579398,0.041854001581668854,0,1,0.999966025352478,-0.008146231062710285,-0.0009616925963200629,0,0.008200770244002342,0.9902129769325256,0.13932494819164276,0,-0.000182692616363056,-0.13932806253433228,0.9902459383010864,0,-0.0003000000142492354,0.04227399826049805,0,1,0.9610840678215027,-0.2727338969707489,-0.04397192224860191,0,0.27591219544410706,0.9397140145301819,0.20201370120048523,0,-0.013774954713881016,-0.2062845677137375,0.9783948659896851,0,0.02740499936044216,0.12241200357675552,-0.005427999887615442,1,0.9999899864196777,-0.0043580373749136925,-0.001395580475218594,0,0.0045759608037769794,0.9540950059890747,0.29946887493133545,0,0.000026419624191476032,-0.2994721233844757,0.9541049599647522,0,-0.0006890000076964498,0.04588700085878372,0,1,0.9992619752883911,-0.03826471045613289,-0.003252096939831972,0,0.0373292900621891,0.9479610323905945,0.3161908984184265,0,-0.009016095660626888,-0.3160790205001831,0.9486899375915527,0,0.00047900000936351717,0.04020699858665466,0,1,0.21413829922676086,-0.029415899887681007,0.9763602018356323,0,-0.8112109303474426,-0.5621582269668579,0.16098050773143768,0,0.5441336035728455,-0.8265062570571899,-0.14424215257167816,0,-0.08264800161123276,0.13379499316215515,-0.0026080000679939985,1,0.8663952350616455,-0.33881163597106934,0.3668317198753357,0,-0.011038806289434433,0.7214320302009583,0.692397952079773,0,-0.49923622608184814,-0.6039391756057739,0.6213046908378601,0,0,0.16730499267578125,0,1,0.9908270239830017,-0.13500121235847473,-0.006039684172719717,0,0.13506755232810974,0.9907591342926025,0.012403999455273151,0,0.004309316165745258,-0.01310598012059927,0.9999049305915833,0,0,0.2897639870643616,0,1,0.924221932888031,-0.19105803966522217,-0.33062097430229187,0,0.23294703662395477,0.968155026435852,0.09170909225940704,0,0.30257079005241394,-0.1617768257856369,0.939297080039978,0,0,0.25381898880004883,0,1,0.9704509973526001,-0.2102559506893158,0.11839216947555542,0,0.15688297152519226,0.9225777983665466,0.3524744510650635,0,-0.18333585560321808,-0.32348549365997314,0.9283021688461304,0,0.033647000789642334,0.050099000334739685,0.013043999671936035,1,0.8458349704742432,0.5266458988189697,0.08488939702510834,0,-0.5085960626602173,0.8441619277000427,-0.1694687306880951,0,-0.16091062128543854,0.10016828030347824,0.9818729758262634,0,0.005342999938875437,0.0491040013730526,0,1,0.9667860865592957,-0.22925874590873718,-0.11298215389251709,0,0.17987924814224243,0.9243609309196472,-0.33645203709602356,0,0.1815708428621292,0.3049539625644684,0.9348980188369751,0,0.001677999971434474,0.05039599910378456,0,1,0.9810590147972107,0.19292204082012177,0.017465056851506233,0,-0.19369597733020782,0.9781080484390259,0.07607103884220123,0,-0.002406932646408677,-0.07801302522420883,0.9969490170478821,0,0.027925999835133553,0.13193699717521667,-0.0024709999561309814,1,0.9991639256477356,0.040344174951314926,0.0066509428434073925,0,-0.040481820702552795,0.9531569480895996,0.29975423216819763,0,0.005753943230956793,-0.29977279901504517,0.9539930820465088,0,-0.00008099999831756577,0.0418579988181591,0,1,1,0.00013260763080324978,0.00008578919369028881,0,-0.00014338995970319957,0.989986002445221,0.14116299152374268,0,-0.0000662108141114004,-0.14116299152374268,0.989986002445221,0,0.00025400001322850585,0.04016900062561035,0,1,0.9664440751075745,0.2545778453350067,0.03429282829165459,0,-0.25600919127464294,0.9435919523239136,0.20998401939868927,0,0.02109883911907673,-0.21171706914901733,0.9771029949188232,0,-0.027925999835133553,0.12709200382232666,-0.004821999929845333,1,0.9997969269752502,0.019754068925976753,0.004013033118098974,0,-0.020048927515745163,0.953860878944397,0.2995792031288147,0,0.00209003291092813,-0.2995987832546234,0.9540631175041199,0,0.0002300000051036477,0.046762000769376755,0,1,0.9998360276222229,0.018062489107251167,0.001244708546437323,0,-0.017528509721159935,0.9484770894050598,0.31636205315589905,0,0.004533708095550537,-0.3163319528102875,0.9486380219459534,0,-0.000007999999979801942,0.039399001747369766,0,1,-0.9492599368095398,-0.14307408034801483,0.28006234765052795,0,0.17476992309093475,-0.9803441166877747,0.09155196696519852,0,0.2614586651325226,0.13585305213928223,0.9556060433387756,0,0.0853089988231659,-0.059519000351428986,-0.02361300028860569,1,0.9990990161895752,0.035049259662628174,0.023947222158312798,0,-0.02953874133527279,0.9791929721832275,-0.20076914131641388,0,-0.030485758557915688,0.19988086819648743,0.979345977306366,0,0,0.4173789918422699,0,1,0.9944239854812622,-0.09038978070020676,-0.05432852730154991,0,0.08591722697019577,0.3956329822540283,0.9143810272216797,0,-0.06115652620792389,-0.9139500856399536,0.40119287371635437,0,0,0.3756139874458313,0,1,0.99850994348526,-0.001409352058544755,0.05455389246344566,0,-0.025355355814099312,0.8732330799102783,0.486642986536026,0,-0.0483241081237793,-0.4873010218143463,0.8718960881233215,0,0,0.14682799577713013,0,1,-0.9835038781166077,-0.0347931869328022,-0.1775113046169281,0,0.047316811978816986,-0.9966430068016052,-0.06681196391582489,0,-0.17459070682525635,-0.0741090476512909,0.9818480610847473,0,-0.0853089988231659,-0.059519000351428986,-0.021320000290870667,1,0.9855629205703735,-0.031308095902204514,-0.1663883626461029,0,0.017353899776935577,0.9962580800056458,-0.08466687798500061,0,0.16841664910316467,0.08055711537599564,0.9824191331863403,0,0,0.41741400957107544,0,1,0.9990230798721313,0.019218243658542633,0.03979980945587158,0,-0.04394575580954552,0.33607885241508484,0.9408080577850342,0,0.004704805091023445,-0.9416379928588867,0.3365951180458069,0,0,0.3755069971084595,0,1,0.9987490773200989,0.0017689201049506664,-0.0499739795923233,0,0.024526920169591904,0.8535741567611694,0.5203936696052551,0,0.04357701912522316,-0.5209683179855347,0.8524627685546875,0,0,0.14756600558757782,0,1
