9.900,30,297,49
B0,mixamorig_Hips,-1,0.9998000264167786,-0.019840968772768974,0.0023380916099995375,0,0.01989602856338024,0.9994509816169739,-0.026505887508392334,0,-0.0018109057564288378,0.026547111570835114,0.9996460676193237,0,0.0001340000017080456,0.9020980000495911,0.020198000594973564,1
B1,mixamorig_Spine,0,0.9999960064888,0.0015018652193248272,0.0023058161605149508,0,-0.0013441230403259397,0.9977550506591797,-0.06695065647363663,0,-0.002401192905381322,0.06694734841585159,0.9977539777755737,0,0,0.10561300069093704,-0.008880999870598316,1
B2,mixamorig_Spine1,1,0.9990609884262085,-0.0018519911682233214,0.043275948613882065,0,0.0010830173268914223,0.9998409748077393,0.017785776406526566,0,-0.04330204427242279,-0.017722219228744507,0.9989049434661865,0,0,0.12364999949932098,0,1
B3,mixamorig_Spine2,2,0.9990619421005249,-0.0010922640794888139,0.043289732187986374,0,0.0003277365176472813,0.9998440742492676,0.017663877457380295,0,-0.043302252888679504,-0.017633110284805298,0.9989059567451477,0,0,0.14131399989128113,0,1
B4,mixamorig_Neck,3,0.9995719790458679,-0.02434484474360943,-0.0162437055259943,0,0.02490917220711708,0.9990590214729309,0.03549528494477272,0,0.015364296734333038,-0.03588471561670303,0.9992380738258362,0,0,0.15897800028324127,0,1
B5,mixamorig_Head,4,0.9975690245628357,0.061549875885248184,0.03268137946724892,0,-0.06441209465265274,0.9933639168739319,0.0952862948179245,0,-0.02659962885081768,-0.09715967625379562,0.9949130415916443,0,0,0.12858399748802185,0.025621000677347183,1
B6,mixamorig_HeadTop_End,5,1,0,0,0,0,1,0,0,0,0,1,0,0,0.2828899919986725,0.056366998702287674,1
B7,mixamorig_LeftShoulder,3,-0.14705312252044678,-0.0071533857844769955,-0.9891030192375183,0,0.9686569571495056,-0.20343239605426788,-0.1425420492887497,0,-0.20019596815109253,-0.9790630340576172,0.03684450685977936,0,0.06745299696922302,0.14380699396133423,-0.00133200001437217,1
B8,mixamorig_LeftArm,7,0.9300339221954346,0.33007997274398804,-0.161505326628685,0,-0.023430190980434418,0.4918728172779083,0.8703521490097046,0,0.366725891828537,-0.8056728839874268,0.4651922285556793,0,0,0.13495400547981262,0,1
B9,mixamorig_LeftForeArm,8,0.8731412291526794,0.4871465861797333,0.017678042873740196,0,-0.4874374270439148,0.8721117973327637,0.04273255169391632,0,0.005399784538894892,-0.045928485691547394,0.998930037021637,0,0,0.3291170001029968,0,1
B10,mixamorig_LeftHand,9,0.9846129417419434,-0.045434124767780304,-0.16874103248119354,0,0.0857238844037056,0.9670229554176331,0.23982909321784973,0,0.15228000283241272,-0.25060394406318665,0.9560379981994629,0,0,0.2432509958744049,0,1
B11,mixamorig_LeftHandThumb1,10,0.9932350516319275,0.07724302262067795,0.0867018848657608,0,-0.09761101752519608,0.9598170518875122,0.26310285925865173,0,-0.06289509683847427,-0.26978611946105957,0.9608639478683472,0,-0.03226400166749954,0.05595700070261955,0.013806999661028385,1
B12,mixamorig_LeftHandThumb2,11,0.9623349905014038,-0.26727283000946045,-0.04975401237607002,0,0.26884716749191284,0.9627729058265686,0.028098026290535927,0,0.04039199277758598,-0.04041595384478569,0.9983659982681274,0,-0.0018449999624863267,0.0528080016374588,0,1
B13,mixamorig_LeftHandThumb3,12,0.9984490275382996,0.05552118271589279,0.004069240763783455,0,-0.05528982728719711,0.9975050091743469,-0.043887026607990265,0,-0.00649575050920248,0.043593984097242355,0.9990280270576477,0,-0.0012130000395700336,0.04909000173211098,0,1
B14,mixamorig_LeftHandThumb4,13,1,0,0,0,0,1,0,0,0,0,1,0,0.0030580000020563602,0.03811100125312805,0,1
B15,mixamorig_LeftHandIndex1,10,0.9749300479888916,-0.22197777032852173,-0.015402859076857567,0,0.21451227366924286,0.9192330837249756,0.33014482259750366,0,-0.05912598595023155,-0.32517221570014954,0.9438048601150513,0,-0.026311999186873436,0.13268600404262543,-0.002974000060930848,1
B16,mixamorig_LeftHandIndex2,15,0.9969599843025208,-0.07420200109481812,-0.02375018037855625,0,0.07422791421413422,0.8120201826095581,0.5788898468017578,0,-0.02366916835308075,-0.5788931846618652,0.8150599598884583,0,0.0001250000059371814,0.04585399851202965,0,1
B17,mixamorig_LeftHandIndex3,16,0.9994159936904907,-0.03370877355337143,-0.005536974407732487,0,0.03382822498679161,0.9540550708770752,0.2977156341075897,0,-0.0047530545853078365,-0.2977293133735657,0.9546388983726501,0,-0.00011800000356743112,0.042667001485824585,0,1
B18,mixamorig_LeftHandIndex4,17,1,0,0,0,0,1,0,0,0,0,1,0,-0.000007000000096013537,0.03296099975705147,0,1
B19,mixamorig_LeftHandMiddle1,10,0.9704259634017944,-0.23977918922901154,-0.027904164046049118,0,0.2282867580652237,0.8739921450614929,0.42897799611091614,0,-0.0784720629453659,-0.4226619601249695,0.9028840065002441,0,0.026311999186873436,0.12624600529670715,-0.004118999931961298,1
B20,mixamorig_LeftHandMiddle2,19,0.998885989189148,-0.046157028526067734,-0.009773321449756622,0,0.04615683853626251,0.9131050109863281,0.4051029086112976,0,-0.00977428536862135,-0.40510302782058716,0.914219081401825,0,0.00003300000025774352,0.05068499967455864,0,1
B21,mixamorig_LeftHandMiddle3,20,0.9995669722557068,-0.02916502207517624,-0.003796796780079603,0,0.029165029525756836,0.9662439823150635,0.2559719383716583,0,-0.0037967993412166834,-0.2559720575809479,0.9666769504547119,0,-0.00004999999873689376,0.04291899874806404,0,1
B22,mixamorig_LeftHandMiddle4,21,1,0,0,0,0,1,0,0,0,0,1,0,0.00001700000029813964,0.029795000329613686,0,1
B23,mixamorig_RightShoulder,3,0.03067973256111145,-0.01617106795310974,0.9993979930877686,0,-0.9889068603515625,-0.14587411284446716,0.027997279539704323,0,0.1453336626291275,-0.9891710877418518,-0.020467035472393036,0,-0.06745299696922302,0.14379799365997314,-0.0012199999764561653,1
B24,mixamorig_RightArm,23,0.9293980002403259,-0.35858896374702454,0.0873732939362526,0,0.08038017153739929,0.4277057647705078,0.9003371000289917,0,-0.36022084951400757,-0.8297480344772339,0.42633211612701416,0,0,0.13495400547981262,0,1
B25,mixamorig_RightForeArm,24,0.8911161422729492,-0.45347094535827637,-0.01662594825029373,0,0.45376506447792053,0.8902450203895569,0.03952205181121826,0,-0.0031209313310682774,-0.04276296868920326,0.9990800023078918,0,0,0.3291099965572357,0,1
B26,mixamorig_RightHand,25,0.9976379871368408,0.0657150000333786,0.020004192367196083,0,-0.06626997888088226,0.9973949790000916,0.02847578562796116,0,-0.01808079332113266,-0.02973419986665249,0.9993939995765686,0,0,0.24330200254917145,0,1
B27,mixamorig_RightHandThumb1,26,0.9642989635467529,0.12292267382144928,0.23455922305583954,0,-0.1987072229385376,0.9213700890541077,0.33405590057373047,0,-0.17505265772342682,-0.368738055229187,0.9129010438919067,0,0.03562600165605545,0.05620599910616875,0.014808000065386295,1
B28,mixamorig_RightHandThumb2,27,0.9950010180473328,-0.05823100358247757,0.08113598823547363,0,0.054475005716085434,0.9973719716072083,0.047762829810380936,0,-0.08370401710271835,-0.04310416802763939,0.995557963848114,0,0.003292999928817153,0.0544390007853508,0,1
B29,mixamorig_RightHandThumb3,28,0.9969979524612427,-0.07735133916139603,-0.0033519382122904062,0,0.07698263972997665,0.9950019717216492,-0.063603974878788,0,0.008255040273070335,0.06315501779317856,0.997969925403595,0,-0.0006990000256337225,0.048739999532699585,0,1
B30,mixamorig_RightHandThumb4,29,1,0,0,0,0,1,0,0,0,0,1,0,-0.0025939999613910913,0.03488700091838837,0,1
B31,mixamorig_RightHandIndex1,26,0.9607990980148315,0.27647656202316284,0.020621124655008316,0,-0.27603238821029663,0.9470007419586182,0.16430434584617615,0,0.02589808776974678,-0.1635555773973465,0.9861940741539001,0,0.027098000049591064,0.13039299845695496,-0.001373999984934926,1
B32,mixamorig_RightHandIndex2,31,0.9943670034408569,0.10026106238365173,0.03439074754714966,0,-0.0999201163649559,0.7783981561660767,0.6197668313980103,0,0.03536878898739815,-0.6197121739387512,0.7840318083763123,0,-0.0002800000074785203,0.04524499922990799,0,1
B33,mixamorig_RightHandIndex3,32,0.999875009059906,0.01573297008872032,0.0015603493666276336,0,-0.015796981751918793,0.9901359677314758,0.139217346906662,0,0.0006453444948419929,-0.13922463357448578,0.9902610778808594,0,0.00023600000713486224,0.04454899951815605,0,1
B34,mixamorig_RightHandIndex4,33,1,0,0,0,0,1,0,0,0,0,1,0,0.00004400000034365803,0.033649999648332596,0,1
B35,mixamorig_RightHandMiddle1,26,0.9478240013122559,0.3100888729095459,0.07398630678653717,0,-0.3170880377292633,0.893040120601654,0.3192736506462097,0,0.032930437475442886,-0.3260752558708191,0.9447698593139648,0,-0.027098000049591064,0.13882699608802795,-0.003476999932900071,1
B36,mixamorig_RightHandMiddle2,35,0.9987379908561707,0.04912326857447624,0.010439991019666195,0,-0.047973766922950745,0.8717339634895325,0.4876250922679901,0,0.0148528553545475,-0.48751088976860046,0.8729910850524902,0,0.000014999999621068127,0.046121999621391296,0,1
B37,mixamorig_RightHandMiddle3,36,0.9992790222167969,0.02722877636551857,-0.026442138478159904,0,-0.024642230942845345,0.9952999353408813,0.09365103393793106,0,0.02886788174510002,-0.09293197095394135,0.9952539801597595,0,-0.0002640000020619482,0.03915200009942055,0,1
B38,mixamorig_RightHandMiddle4,37,1,0,0,0,0,1,0,0,0,0,1,0,0.00024900000425986946,0.03163199871778488,0,1
B39,mixamorig_LeftUpLeg,0,-0.9961019158363342,-0.042120084166526794,0.07750022411346436,0,0.053168900310993195,-0.9877758622169495,0.1465342938899994,0,0.0703808143734932,0.15008370578289032,0.9861649870872498,0,0.09613599628210068,-0.05859600007534027,-0.018518999218940735,1
B40,mixamorig_LeftLeg,39,0.9869940876960754,0.07017197459936142,0.1446365863084793,0,0.0009412094368599355,0.897165834903717,-0.4416922628879547,0,-0.16075736284255981,0.4360836446285248,0.8854310512542725,0,0,0.4021340012550354,0,1
B41,mixamorig_LeftFoot,40,0.9982619881629944,-0.05492333695292473,0.02134229615330696,0,-0.002490822458639741,0.3225422501564026,0.9465519189834595,0,-0.058871589601039886,-0.9449600577354431,0.3218448758125305,0,0,0.35600799322128296,0,1
B42,mixamorig_LeftToeBase,41,0.9692150354385376,0.0021573954727500677,-0.24620689451694489,0,0.15497635304927826,0.7716800570487976,0.6168398857116699,0,0.19132384657859802,-0.6360071301460266,0.7475900053977966,0,0,0.16061800718307495,0,1
B43,mixamorig_LeftToe_End,42,1,0,0,0,0,1,0,0,0,0,1,0,0,0.05841900035738945,0,1
B44,mixamorig_RightUpLeg,0,-0.9664879441261292,0.0757320448756218,-0.24528692662715912,0,-0.11055390536785126,-0.985139012336731,0.13144779205322266,0,-0.2316870093345642,0.15416020154953003,0.9604979157447815,0,-0.09613599628210068,-0.05859600007534027,-0.018209999427199364,1
B45,mixamorig_RightLeg,44,0.9973170161247253,-0.03807128965854645,-0.06252636760473251,0,0.012656841427087784,0.9309399127960205,-0.36495324969291687,0,0.07210253179073334,0.3631827235221863,0.9289241433143616,0,0,0.40215399861335754,0,1
B46,mixamorig_RightFoot,45,0.9930959939956665,0.10718277096748352,-0.047667089849710464,0,-0.000520138128194958,0.41037365794181824,0.9119170904159546,0,0.11730317771434784,-0.9055968523025513,0.4075963497161865,0,0,0.3558880090713501,0,1
B47,mixamorig_RightToeBase,46,0.9693390130996704,-8.495939063379865e-9,0.245727077126503,0,-0.15404993295669556,0.7790871262550354,0.6076928973197937,0,-0.19144292175769806,-0.6269150376319885,0.7551999688148499,0,0,0.161421000957489,0,1
B48,mixamorig_RightToe_End,47,1,0,0,0,0,1,0,0,0,0,1,0,0,0.05880099907517433,0,1
@40,0,1,2,3,4,5,7,8,9,10,11,12,13,15,16,17,19,20,21,23,24,25,26,27,28,29,31,32,33,35,36,37,39,40,41,42,44,45,46,47
K0,0.9998000264167786,-0.019840970635414124,0.0023380930069833994,0,0.01989603042602539,0.9994509816169739,-0.026505889371037483,0,-0.0018109071534126997,0.026547113433480263,0.9996460676193237,0,0.0001340000017080456,0.9020980000495911,0.020198000594973564,1,0.9999960064888,0.0015018710400909185,0.0023058115039020777,0,-0.0013441290939226747,0.9977550506591797,-0.06695064902305603,0,-0.0024011884815990925,0.066947340965271,0.9977539777755737,0,0,0.10561300069093704,-0.008880999870598316,1,0.9990609884262085,-0.0018519868608564138,0.043275948613882065,0,0.0010830130195245147,0.9998409748077393,0.017785776406526566,0,-0.04330204427242279,-0.017722219228744507,0.9989049434661865,0,0,0.12364999949932098,0,1,0.9990619421005249,-0.0010922638466581702,0.04328973591327667,0,0.00032773608108982444,0.9998440742492676,0.017663883045315742,0,-0.0433022566139698,-0.017633115872740746,0.9989059567451477,0,0,0.14131399989128113,0,1,0.9995719790458679,-0.02434483729302883,-0.0162437055259943,0,0.024909164756536484,0.9990590214729309,0.03549528494477272,0,0.015364296734333038,-0.03588471561670303,0.9992380738258362,0,0,0.15897800028324127,0,1,0.9975690245628357,0.06154989078640938,0.03268137574195862,0,-0.06441210955381393,0.9933639168739319,0.0952863022685051,0,-0.026599625125527382,-0.09715968370437622,0.9949130415916443,0,0,0.12858399748802185,0.025621000677347183,1,-0.14705325663089752,-0.007153294514864683,-0.9891029596328735,0,0.9686568379402161,-0.20343254506587982,-0.14254221320152283,0,-0.20019614696502686,-0.9790629148483276,0.03684450685977936,0,0.06745299696922302,0.14380699396133423,-0.00133200001437217,1,0.9300339818000793,0.3300798535346985,-0.16150526702404022,0,-0.023430172353982925,0.4918728470802307,0.8703521490097046,0,0.36672574281692505,-0.8056728839874268,0.4651922881603241,0,0,0.13495400547981262,0,1,0.8731411695480347,0.48714664578437805,0.0176779106259346,0,-0.48743748664855957,0.8721117377281189,0.04273257032036781,0,0.005399912130087614,-0.045928437262773514,0.998930037021637,0,0,0.3291170001029968,0,1,0.9846129417419434,-0.0454341284930706,-0.16874101758003235,0,0.0857238844037056,0.9670229554176331,0.23982906341552734,0,0.15227998793125153,-0.25060391426086426,0.9560380578041077,0,0,0.2432509958744049,0,1,0.9932350516319275,0.07724300771951675,0.0867018848657608,0,-0.09761100262403488,0.9598170518875122,0.26310285925865173,0,-0.06289511173963547,-0.2697860896587372,0.9608639478683472,0,-0.03226400166749954,0.05595700070261955,0.013806999661028385,1,0.9623349905014038,-0.26727283000946045,-0.04975401610136032,0,0.26884716749191284,0.9627729058265686,0.028098037466406822,0,0.04039199277758598,-0.040415965020656586,0.9983659982681274,0,-0.0018449999624863267,0.0528080016374588,0,1,0.9984490275382996,0.05552117899060249,0.004069245886057615,0,-0.055289823561906815,0.9975050091743469,-0.043887022882699966,0,-0.006495754700154066,0.04359398037195206,0.9990280270576477,0,-0.0012130000395700336,0.04909000173211098,0,1,0.9749300479888916,-0.22197774052619934,-0.015402920544147491,0,0.21451227366924286,0.9192330837249756,0.3301447927951813,0,-0.05912592262029648,-0.32517221570014954,0.943804919719696,0,-0.026311999186873436,0.13268600404262543,-0.002974000060930848,1,0.996959924697876,-0.0742020532488823,-0.02375018782913685,0,0.0742279589176178,0.8120201826095581,0.5788898468017578,0,-0.02366919070482254,-0.5788931846618652,0.8150599598884583,0,0.0001250000059371814,0.04585399851202965,0,1,0.9994159936904907,-0.03370876610279083,-0.005537014454603195,0,0.03382823243737221,0.9540550708770752,0.2977156341075897,0,-0.004753014538437128,-0.2977293133735657,0.9546388983726501,0,-0.00011800000356743112,0.042667001485824585,0,1,0.9704259634017944,-0.23977923393249512,-0.027904117479920387,0,0.2282867729663849,0.8739920854568481,0.42897799611091614,0,-0.07847212255001068,-0.4226619601249695,0.9028840065002441,0,0.026311999186873436,0.12624600529670715,-0.004118999931961298,1,0.998885989189148,-0.046157099306583405,-0.009773317724466324,0,0.046156901866197586,0.9131050109863281,0.40510293841362,0,-0.009774318896234035,-0.40510305762290955,0.914219081401825,0,0.00003300000025774352,0.05068499967455864,0,1,0.9995669722557068,-0.029164994135499,-0.0037967939861118793,0,0.029165001586079597,0.9662439823150635,0.25597190856933594,0,-0.0037967939861118793,-0.2559720277786255,0.9666770100593567,0,-0.00004999999873689376,0.04291899874806404,0,1,0.030679482966661453,-0.016171114519238472,0.9993979930877686,0,-0.9889068603515625,-0.14587436616420746,0.027997007593512535,0,0.145333930850029,-0.989171028137207,-0.020467035472393036,0,-0.06745299696922302,0.14379799365997314,-0.0012199999764561653,1,0.9293980598449707,-0.3585888147354126,0.08737330138683319,0,0.08038013428449631,0.42770591378211975,0.9003369808197021,0,-0.36022070050239563,-0.8297479748725891,0.4263322651386261,0,0,0.13495400547981262,0,1,0.8911161422729492,-0.45347094535827637,-0.016625937074422836,0,0.45376506447792053,0.8902450203895569,0.039522040635347366,0,-0.0031209371518343687,-0.04276295751333237,0.9990800023078918,0,0,0.3291099965572357,0,1,0.9976379871368408,0.0657150149345398,0.02000419981777668,0,-0.06626999378204346,0.9973949790000916,0.028475791215896606,0,-0.018080800771713257,-0.029734207317233086,0.9993939995765686,0,0,0.24330200254917145,0,1,0.9642989635467529,0.12292271107435226,0.2345592975616455,0,-0.19870729744434357,0.9213700890541077,0.33405593037605286,0,-0.1750527024269104,-0.3687381148338318,0.912900984287262,0,0.03562600165605545,0.05620599910616875,0.014808000065386295,1,0.9950010180473328,-0.05823099613189697,0.08113598823547363,0,0.05447499826550484,0.9973719716072083,0.047762829810380936,0,-0.08370401710271835,-0.04310416802763939,0.995557963848114,0,0.003292999928817153,0.0544390007853508,0,1,0.9969979524612427,-0.07735134661197662,-0.0033519482240080833,0,0.07698264718055725,0.9950019717216492,-0.063603974878788,0,0.008255050517618656,0.06315501779317856,0.997969925403595,0,-0.0006990000256337225,0.048739999532699585,0,1,0.9607990384101868,0.27647659182548523,0.02062111161649227,0,-0.276032418012619,0.9470007419586182,0.16430437564849854,0,0.02589811198413372,-0.16355560719966888,0.9861940741539001,0,0.027098000049591064,0.13039299845695496,-0.001373999984934926,1,0.9943670034408569,0.10026096552610397,0.03439074009656906,0,-0.09992003440856934,0.7783981561660767,0.6197668313980103,0,0.03536874055862427,-0.6197121739387512,0.7840317487716675,0,-0.0002800000074785203,0.04524499922990799,0,1,0.999875009059906,0.01573299430310726,0.0015603486681357026,0,-0.015797005966305733,0.9901359677314758,0.13921736180782318,0,0.0006453487440012395,-0.13922464847564697,0.9902610778808594,0,0.00023600000713486224,0.04454899951815605,0,1,0.9478239417076111,0.3100888729095459,0.07398638874292374,0,-0.3170880973339081,0.893040120601654,0.3192736804485321,0,0.032930392771959305,-0.32607531547546387,0.9447698593139648,0,-0.027098000049591064,0.13882699608802795,-0.003476999932900071,1,0.9987379908561707,0.04912326857447624,0.010439918376505375,0,-0.04797373339533806,0.8717339634895325,0.4876250922679901,0,0.014852918684482574,-0.48751088976860046,0.8729910850524902,0,0.000014999999621068127,0.046121999621391296,0,1,0.9992790222167969,0.02722877264022827,-0.02644212916493416,0,-0.024642229080200195,0.9952999353408813,0.09365103393793106,0,0.028867872431874275,-0.09293197095394135,0.9952539801597595,0,-0.0002640000020619482,0.03915200009942055,0,1,-0.9961019158363342,-0.04212009161710739,0.07750020921230316,0,0.05316890403628349,-0.9877758622169495,0.1465342938899994,0,0.070380799472332,0.15008370578289032,0.9861649870872498,0,0.09613599628210068,-0.05859600007534027,-0.018518999218940735,1,0.9869940876960754,0.07017209380865097,0.1446365863084793,0,0.0009411004139110446,0.897165834903717,-0.4416922926902771,0,-0.1607574075460434,0.4360836446285248,0.8854310512542725,0,0,0.4021340012550354,0,1,0.9982619881629944,-0.05492312088608742,0.02134253829717636,0,-0.002491121180355549,0.3225422501564026,0.9465519189834595,0,-0.05887146294116974,-0.9449600577354431,0.3218448758125305,0,0,0.35600799322128296,0,1,0.9692149758338928,0.002157431561499834,-0.24620704352855682,0,0.15497642755508423,0.7716799974441528,0.6168398857116699,0,0.19132396578788757,-0.6360071897506714,0.7475899457931519,0,0,0.16061800718307495,0,1,-0.9664879441261292,0.07573206722736359,-0.2452869415283203,0,-0.11055392771959305,-0.985139012336731,0.13144777715206146,0,-0.2316870242357254,0.15416018664836884,0.9604979157447815,0,-0.09613599628210068,-0.05859600007534027,-0.018209999427199364,1,0.9973170161247253,-0.03807123377919197,-0.06252642720937729,0,0.012656766921281815,0.9309399127960205,-0.36495324969291687,0,0.07210256904363632,0.3631827235221863,0.9289241433143616,0,0,0.40215399861335754,0,1,0.9930960536003113,0.10718273371458054,-0.04766693338751793,0,-0.0005202666507102549,0.41037365794181824,0.9119170904159546,0,0.11730307340621948,-0.9055968523025513,0.4075963795185089,0,0,0.3558880090713501,0,1,0.9693390130996704,0,0.24572709202766418,0,-0.15404996275901794,0.7790870666503906,0.6076929569244385,0,-0.19144290685653687,-0.6269150972366333,0.7551999092102051,0,0,0.161421000957489,0,1
K0.033,0.9997640252113342,-0.021542102098464966,0.002659989520907402,0,0.021605925634503365,0.9994050860404968,-0.02689593844115734,0,-0.0020790123380720615,0.02694706991314888,0.9996349215507507,0,0.0017720158211886883,0.9017490148544312,0.01986599899828434,1,0.9999970197677612,0.0013317547272890806,0.0020451010204851627,0,-0.001193241449072957,0.9977989792823792,-0.06629779189825058,0,-0.002128893043845892,0.06629518419504166,0.9977980256080627,0,0,0.10561300069093704,-0.008880999870598316,1,0.9990770220756531,-0.0020880503579974174,0.04291204735636711,0,0.0012729543959721923,0.9998180270195007,0.019013097509741783,0,-0.04294394329190254,-0.01894092559814453,0.9988980293273926,0,0,0.12364999949932098,0,1,0.9990769624710083,-0.0013040974736213684,0.042930010706186295,0,0.0004929070128127933,0.9998210072517395,0.018900811672210693,0,-0.04294698312878609,-0.018862208351492882,0.998898983001709,0,0,0.14131399989128113,0,1,0.9995980262756348,-0.02349003404378891,-0.015847843140363693,0,0.024048952385783195,0.9990609288215637,0.036049697548151016,0,0.014986149035394192,-0.036416325718164444,0.9992239475250244,0,0,0.15897800028324127,0,1,0.9975100159645081,0.06233614310622215,0.03297070413827896,0,-0.06520187109708786,0.9933880567550659,0.09449426829814911,0,-0.02686229720711708,-0.09640873968601227,0.9949790239334106,0,0,0.12858399748802185,0.025621000677347183,1,-0.1445610225200653,-0.0069892085157334805,-0.9894710183143616,0,0.9691888689994812,-0.20255035161972046,-0.14016707241535187,0,-0.19943803548812866,-0.9792469143867493,0.036054737865924835,0,0.06745299696922302,0.14380699396133423,-0.00133200001437217,1,0.9293630123138428,0.33236202597618103,-0.16068294644355774,0,-0.02483200840651989,0.4905548393726349,0.8710561394691467,0,0.36833006143569946,-0.8055379390716553,0.4641571640968323,0,0,0.13495400547981262,0,1,0.8733271360397339,0.4868137240409851,0.01766206882894039,0,-0.487104207277298,0.8722989559173584,0.0427035391330719,0,0.005382069852203131,-0.045897457748651505,0.9989320039749146,0,0,0.3291170001029968,0,1,0.9844529628753662,-0.045195747166872025,-0.1697341799736023,0,0.08583724498748779,0.9668710231781006,0.24040107429027557,0,0.15324586629867554,-0.25123292207717896,0.9557179808616638,0,0,0.2432509958744049,0,1,0.9932459592819214,0.07713606208562851,0.08667989075183868,0,-0.09749194979667664,0.9598701000213623,0.2629547715187073,0,-0.06291811168193817,-0.26962926983833313,0.9609069228172302,0,-0.03226400166749954,0.05595700070261955,0.013806999661028385,1,0.9623880386352539,-0.26711171865463257,-0.049596987664699554,0,0.2686772346496582,0.9628219604492188,0.02804103121161461,0,0.040263012051582336,-0.04031196981668472,0.9983759522438049,0,-0.0018449999624863267,0.0528080016374588,0,1,0.9984480142593384,0.05554419383406639,0.004072936717420816,0,-0.055312804877758026,0.9975050091743469,-0.04386218637228012,0,-0.0064990627579391,0.04356881603598595,0.9990289807319641,0,-0.0012130000395700336,0.04909000173211098,0,1,0.9748510122299194,-0.22232086956501007,-0.015471652150154114,0,0.2147471010684967,0.9185430407524109,0.3319079279899597,0,-0.059578657150268555,-0.32688313722610474,0.9431849122047424,0,-0.026311999186873436,0.13268600404262543,-0.002974000060930848,1,0.9969900250434875,-0.07387813180685043,-0.023510901257395744,0,0.07390386611223221,0.8139740824699402,0.5761808753013611,0,-0.023429900407791138,-0.576184093952179,0.8169838786125183,0,0.0001250000059371814,0.04585399851202965,0,1,0.9994230270385742,-0.03351883217692375,-0.005478276405483484,0,0.033637166023254395,0.9545490741729736,0.29614874720573425,0,-0.004697277210652828,-0.2961621582508087,0.9551259279251099,0,-0.00011800000356743112,0.042667001485824585,0,1,0.9704639315605164,-0.23963813483715057,-0.02779262140393257,0,0.22795091569423676,0.873167097568512,0.43083393573760986,0,-0.07897663116455078,-0.42444416880607605,0.9020028710365295,0,0.026311999186873436,0.12624600529670715,-0.004118999931961298,1,0.9988980293273926,-0.045920997858047485,-0.009669548831880093,0,0.045920997858047485,0.9140310883522034,0.4030359387397766,0,-0.009669547900557518,-0.4030359983444214,0.915132999420166,0,0.00003300000025774352,0.05068499967455864,0,1,0.9995710253715515,-0.029037995263934135,-0.003763267770409584,0,0.02903800457715988,0.9665420055389404,0.254859983921051,0,-0.0037632680032402277,-0.2548600435256958,0.9669709801673889,0,-0.00004999999873689376,0.04291899874806404,0,1,0.03472570329904556,-0.016998331993818283,0.9992519617080688,0,-0.98835289478302,-0.1488184630870819,0.03181532397866249,0,0.14816629886627197,-0.9887179136276245,-0.02196810208261013,0,-0.06745299696922302,0.14379799365997314,-0.0012199999764561653,1,0.9288771152496338,-0.3598986268043518,0.08751991391181946,0,0.08151539415121078,0.4291389286518097,0.8995519280433655,0,-0.3613061308860779,-0.8284399509429932,0.42795509099960327,0,0,0.13495400547981262,0,1,0.8906429409980774,-0.45439714193344116,-0.016666805371642113,0,0.45469188690185547,0.8897680640220642,0.039602797478437424,0,-0.0031658061780035496,-0.042850203812122345,0.9990760087966919,0,0,0.3291099965572357,0,1,0.9976980090141296,0.06490489840507507,0.019661221653223038,0,-0.06543007493019104,0.9974820613861084,0.027362776920199394,0,-0.017835725098848343,-0.02858620509505272,0.9994320273399353,0,0,0.24330200254917145,0,1,0.9642069339752197,0.12333424389362335,0.23472005128860474,0,-0.19876474142074585,0.9221060276031494,0.33198320865631104,0,-0.17549198865890503,-0.36675482988357544,0.9136161208152771,0,0.03562600165605545,0.05620599910616875,0.014808000065386295,1,0.9950060248374939,-0.059250906109809875,0.08032471686601639,0,0.05552910268306732,0.9973119497299194,0.04780403524637222,0,-0.08294127136468887,-0.04310496523976326,0.9956220388412476,0,0.003292999928817153,0.0544390007853508,0,1,0.9969969987869263,-0.07736100256443024,-0.003366573480889201,0,0.07699199765920639,0.9950060248374939,-0.06352899968624115,0,0.00826442614197731,0.06307900696992874,0.9979739785194397,0,-0.0006990000256337225,0.048739999532699585,0,1,0.961018979549408,0.27571791410446167,0.0205371156334877,0,-0.2752460539340973,0.9470660090446472,0.1652417629957199,0,0.026110120117664337,-0.16445326805114746,0.9860389232635498,0,0.027098000049591064,0.13039299845695496,-0.001373999984934926,1,0.9943709969520569,0.10022781044244766,0.03436208888888359,0,-0.0998871847987175,0.7785919904708862,0.6195299625396729,0,0.0353400856256485,-0.6194751262664795,0.7842209339141846,0,-0.0002800000074785203,0.04524499922990799,0,1,0.9998769760131836,0.01560384314507246,0.0015422403812408447,0,-0.015667155385017395,0.990261971950531,0.13832888007164001,0,0.0006312403711490333,-0.13833607733249664,0.9903849363327026,0,0.00023600000713486224,0.04454899951815605,0,1,0.9481119513511658,0.30921611189842224,0.07394670695066452,0,-0.3161468207836151,0.8922900557518005,0.3222878575325012,0,0.033674709498882294,-0.3289431631565094,0.9437490105628967,0,-0.027098000049591064,0.13882699608802795,-0.003476999932900071,1,0.9987459778785706,0.0489855594933033,0.010374896228313446,0,-0.04784143716096878,0.8723878860473633,0.4864661693572998,0,0.014778896234929562,-0.4863528311252594,0.8736380338668823,0,0.000014999999621068127,0.046121999621391296,0,1,0.9992750287055969,0.027044136077165604,-0.026782004162669182,0,-0.0244708601385355,0.9954449534416199,0.09214507788419724,0,0.02915199100971222,-0.09142289310693741,0.9953849911689758,0,-0.0002640000020619482,0.03915200009942055,0,1,-0.996027946472168,-0.042188677936792374,0.0784129723906517,0,0.053580328822135925,-0.987326979637146,0.14938198029994965,0,0.07111703604459763,0.15299005806446075,0.9856659770011902,0,0.09613599628210068,-0.05859600007534027,-0.018518999218940735,1,0.9871720671653748,0.06988407671451569,0.14355076849460602,0,0.0017510784091427922,0.8943219780921936,-0.4474199414253235,0,-0.15964822471141815,0.4419321119785309,0.882727861404419,0,0,0.4021340012550354,0,1,0.9983530640602112,-0.05294065549969673,0.0220880638808012,0,-0.004044693894684315,0.3191289007663727,0.9477031230926514,0,-0.057220928370952606,-0.9462310075759888,0.31838899850845337,0,0,0.35600799322128296,0,1,0.9692150354385376,0.002072004834190011,-0.2462068796157837,0,0.15498100221157074,0.7718777656555176,0.616592288017273,0,0.19131913781166077,-0.6357677578926086,0.7477942109107971,0,0,0.16061800718307495,0,1,-0.9660530686378479,0.07561840116977692,-0.24703095853328705,0,-0.11083158850669861,-0.9850491285324097,0.13189178705215454,0,-0.2333640605211258,0.15479320287704468,0.9599899649620056,0,-0.09613599628210068,-0.05859600007534027,-0.018209999427199364,1,0.99726402759552,-0.03922010213136673,-0.06266184896230698,0,0.013630922883749008,0.9306811094284058,-0.3655777871608734,0,0.07265615463256836,0.3637232184410095,0.9286688566207886,0,0,0.40215399861335754,0,1,0.9930080771446228,0.10907288640737534,-0.04515262693166733,0,-0.003700158791616559,0.411059707403183,0.9116012454032898,0,0.1179913580417633,-0.9050599932670593,0.40858906507492065,0,0,0.3558880090713501,0,1,0.9693390130996704,0,0.2457270622253418,0,-0.15404997766017914,0.7790879011154175,0.6076931357383728,0,-0.19144293665885925,-0.6269147992134094,0.7552001476287842,0,0,0.161421000957489,0,1
K0.067,0.9997290372848511,-0.023095613345503807,0.0027902668807655573,0,0.023163359612226486,0.9993569254875183,-0.027353374287486076,0,-0.0021567316725850105,0.02741062082350254,0.9996220469474792,0,0.0033579841256141663,0.9014760255813599,0.019750002771615982,1,0.9999980330467224,0.0011317387688905,0.001780230668373406,0,-0.0010122647508978844,0.9978359937667847,-0.06573697924613953,0,-0.0018507748609408736,0.06573502719402313,0.9978349804878235,0,0,0.10561300069093704,-0.008880999870598316,1,0.9990950226783752,-0.0023561199195683002,0.042463138699531555,0,0.0015038751298561692,0.999796986579895,0.02009100466966629,0,-0.042501870542764664,-0.02000897005200386,0.9988960027694702,0,0,0.12364999949932098,0,1,0.9990960359573364,-0.0015489908400923014,0.042484771460294724,0,0.0007000049808993936,0.9998000264167786,0.019990896806120872,0,-0.04250723123550415,-0.019943080842494965,0.9988969564437866,0,0,0.14131399989128113,0,1,0.9996209740638733,-0.022735847160220146,-0.01551807764917612,0,0.02329716831445694,0.9990440011024475,0.037003740668296814,0,0.014661930501461029,-0.03735124319791794,0.9991949796676636,0,0,0.15897800028324127,0,1,0.9974539279937744,0.06308387964963913,0.03326781466603279,0,-0.06597509980201721,0.9933369755744934,0.09449286013841629,0,-0.027085179463028908,-0.09644713997840881,0.9949700236320496,0,0,0.12858399748802185,0.025621000677347183,1,-0.14343775808811188,-0.006922941189259291,-0.9896349310874939,0,0.9694669246673584,-0.20195098221302032,-0.13910190761089325,0,-0.19889484345912933,-0.9793709516525269,0.03567903861403465,0,0.06745299696922302,0.14380699396133423,-0.00133200001437217,1,0.9291780591011047,0.33313798904418945,-0.16014912724494934,0,-0.02555200830101967,0.49011901021003723,0.871281087398529,0,0.36874890327453613,-0.8054829835891724,0.46392011642456055,0,0,0.13495400547981262,0,1,0.8735758066177368,0.48636728525161743,0.017639806494116783,0,-0.4866577386856079,0.8725501298904419,0.042664092034101486,0,0.005358806811273098,-0.04585490748286247,0.9989339709281921,0,0,0.3291170001029968,0,1,0.9842300415039062,-0.04504106193780899,-0.17106574773788452,0,0.0860639363527298,0.9667969942092896,0.24061597883701324,0,0.15454824268817902,-0.2515440583229065,0.9554269909858704,0,0,0.2432509958744049,0,1,0.9932569861412048,0.07701325416564941,0.08665403723716736,0,-0.09735774993896484,0.9599189758300781,0.26282426714897156,0,-0.06293996423482895,-0.26948872208595276,0.9609450697898865,0,-0.03226400166749954,0.05595700070261955,0.013806999661028385,1,0.9624471068382263,-0.266933798789978,-0.049423106014728546,0,0.26848915219306946,0.9628768563270569,0.027967361733317375,0,0.04012289643287659,-0.04018663987517357,0.998386025428772,0,-0.0018449999624863267,0.0528080016374588,0,1,0.9984430074691772,0.05563218891620636,0.00407338235527277,0,-0.05540081113576889,0.997501015663147,-0.04384896904230118,0,-0.0065026176162064075,0.04355502873659134,0.9990299940109253,0,-0.0012130000395700336,0.04909000173211098,0,1,0.9747600555419922,-0.2227117419242859,-0.01555904746055603,0,0.21503424644470215,0.9178488850593567,0.3336370885372162,0,-0.060024041682481766,-0.32856184244155884,0.942573070526123,0,-0.026311999186873436,0.13268600404262543,-0.002974000060930848,1,0.9970170259475708,-0.07358117401599884,-0.02329261414706707,0,0.07360681891441345,0.8157591819763184,0.573689877986908,0,-0.023211617022752762,-0.5736931562423706,0.8187419772148132,0,0.0001250000059371814,0.04585399851202965,0,1,0.9994289875030518,-0.03334285318851471,-0.00542404456064105,0,0.03346014395356178,0.9550050497055054,0.29469695687294006,0,-0.0046460446901619434,-0.29471006989479065,0.9555749893188477,0,-0.00011800000356743112,0.042667001485824585,0,1,0.9704859256744385,-0.23955930769443512,-0.027706924825906754,0,0.22766368091106415,0.8722290396690369,0.43288108706474304,0,-0.07953391969203949,-0.4264128804206848,0.9010250568389893,0,0.026311999186873436,0.12624600529670715,-0.004118999931961298,1,0.9989089965820312,-0.045705102384090424,-0.009574011899530888,0,0.045704908668994904,0.9148769378662109,0.4011380076408386,0,-0.009575012139976025,-0.401138037443161,0.9159679412841797,0,0.00003300000025774352,0.05068499967455864,0,1,0.9995749592781067,-0.02892094850540161,-0.0037329380866140127,0,0.028921058401465416,0.9668160080909729,0.2538298964500427,0,-0.0037319385446608067,-0.25383010506629944,0.9672420024871826,0,-0.00004999999873689376,0.04291899874806404,0,1,0.03716099262237549,-0.017473943531513214,0.9991569519042969,0,-0.9880489110946655,-0.1503169685602188,0.03411899507045746,0,0.14959393441677094,-0.9884830117225647,-0.02285100147128105,0,-0.06745299696922302,0.14379799365997314,-0.0012199999764561653,1,0.9284220933914185,-0.36106887459754944,0.0875336304306984,0,0.08204013854265213,0.4290299415588379,0.8995569348335266,0,-0.36235639452934265,-0.8279868960380554,0.42794284224510193,0,0,0.13495400547981262,0,1,0.890388011932373,-0.4548959732055664,-0.01668912172317505,0,0.4551910161972046,0.889510989189148,0.03964703902602196,0,-0.0031901199836283922,-0.042897965759038925,0.9990739822387695,0,0,0.3291099965572357,0,1,0.9978059530258179,0.06399236619472504,0.016972986981272697,0,-0.0644296333193779,0.9975669980049133,0.026606906205415726,0,-0.015229064039885998,-0.027642112225294113,0.9995020031929016,0,0,0.24330200254917145,0,1,0.9641080498695374,0.12370806187391281,0.23493078351020813,0,-0.19893892109394073,0.9225619435310364,0.33060911297798157,0,-0.17583923041820526,-0.36547988653182983,0.9140599966049194,0,0.03562600165605545,0.05620599910616875,0.014808000065386295,1,0.9950090050697327,-0.0600399449467659,0.07969678938388824,0,0.056344032287597656,0.99726402759552,0.04784210026264191,0,-0.0823512077331543,-0.043112896382808685,0.995669960975647,0,0.003292999928817153,0.0544390007853508,0,1,0.9969950318336487,-0.07739060372114182,-0.0033731264993548393,0,0.07702139765024185,0.9950059652328491,-0.06349079310894012,0,0.008269873447716236,0.06304021179676056,0.9979769587516785,0,-0.0006990000256337225,0.048739999532699585,0,1,0.9609929919242859,0.27579784393310547,0.020670076832175255,0,-0.27529415488243103,0.9467059373855591,0.167215034365654,0,0.026549072936177254,-0.16638295352458954,0.9857040047645569,0,0.027098000049591064,0.13039299845695496,-0.001373999984934926,1,0.9943850040435791,0.10012073814868927,0.034271955490112305,0,-0.09978125244379044,0.7792010307312012,0.6187799572944641,0,0.035247959196567535,-0.6187251210212708,0.7848159074783325,0,-0.0002800000074785203,0.04524499922990799,0,1,0.9998809695243835,0.01537694875150919,0.001510749920271337,0,-0.015439053997397423,0.990481972694397,0.13677096366882324,0,0.0006067499052733183,-0.1367780715227127,0.9906020164489746,0,0.00023600000713486224,0.04454899951815605,0,1,0.9482679963111877,0.3087749779224396,0.0738009437918663,0,-0.3156750202178955,0.8923718929290771,0.3225223422050476,0,0.03372893109917641,-0.3291347026824951,0.9436801075935364,0,-0.027098000049591064,0.13882699608802795,-0.003476999932900071,1,0.9987429976463318,0.04903802648186684,0.010399898514151573,0,-0.04789197817444801,0.8721389770507812,0.48690906167030334,0,0.0148068992421031,-0.48679497838020325,0.8733909726142883,0,0.000014999999621068127,0.046121999621391296,0,1,0.999284029006958,0.026834312826395035,-0.026654133573174477,0,-0.02431369200348854,0.9955750703811646,0.09076598286628723,0,0.028971869498491287,-0.09005305171012878,0.9955159425735474,0,-0.0002640000020619482,0.03915200009942055,0,1,-0.9959589242935181,-0.04226641356945038,0.07923593372106552,0,0.05392557382583618,-0.9870120286941528,0.15132272243499756,0,0.07181103527545929,0.154984250664711,0.9853038787841797,0,0.09613599628210068,-0.05859600007534027,-0.018518999218940735,1,0.9874020218849182,0.06913264095783234,0.1423320770263672,0,0.0027046247851103544,0.8920029997825623,-0.45202091336250305,0,-0.1582099348306656,0.4467109739780426,0.8805779814720154,0,0,0.4021340012550354,0,1,0.9984400272369385,-0.050854939967393875,0.023038245737552643,0,-0.005791901610791683,0.31607377529144287,0.9487170577049255,0,-0.055528756231069565,-0.9473708868026733,0.3152862787246704,0,0,0.35600799322128296,0,1,0.9692149758338928,0.002042877720668912,-0.24620714783668518,0,0.15498286485671997,0.7719449400901794,0.6165081262588501,0,0.1913178563117981,-0.6356869339942932,0.7478641271591187,0,0,0.16061800718307495,0,1,-0.965654194355011,0.07567976415157318,-0.2485678344964981,0,-0.11106224358081818,-0.9850690364837646,0.1315452754497528,0,-0.23490114510059357,0.15463373064994812,0.9596409797668457,0,-0.09613599628210068,-0.05859600007534027,-0.018209999427199364,1,0.9971830248832703,-0.04043584316968918,-0.06317383795976639,0,0.014594134874641895,0.9307439923286438,-0.3653789758682251,0,0.07357314229011536,0.363427996635437,0.9287130236625671,0,0,0.40215399861335754,0,1,0.9929009675979614,0.11102811247110367,-0.04266640171408653,0,-0.00690083671361208,0.41187793016433716,0.9112130403518677,0,0.11874362826347351,-0.904449999332428,0.40972021222114563,0,0,0.3558880090713501,0,1,0.9693390130996704,0,0.2457270622253418,0,-0.15404997766017914,0.7790879011154175,0.6076931357383728,0,-0.19144293665885925,-0.6269147992134094,0.7552001476287842,0,0,0.161421000957489,0,1
