9.900,30,297,49
B0,mixamorig_Hips,-1,0.9998490214347839,-0.01721400022506714,0.0024850000627338886,0,0.017273999750614166,0.9994980096817017,-0.026544999331235886,0,-0.00202700006775558,0.026583999395370483,0.9996449947357178,0,-0.05407999828457832,88.472900390625,0.6915079951286316,1
B1,mixamorig_Spine,0,0.9999970197677612,-0.0011210000375285745,0.0020890000741928816,0,0.00120900000911206,0.9991009831428528,-0.042385000735521317,0,-0.0020389999262988567,0.04238799959421158,0.9990990161895752,0,0,11.346405029296875,-0.6739159822463989,1
B2,mixamorig_Spine1,1,0.9990609884262085,-0.0007880000048317015,0.04330800101161003,0,0.000018999999156221747,0.9998419880867004,0.01776299998164177,0,-0.04331500083208084,-0.0177449993789196,0.9989039897918701,0,0,13.260808944702148,0,1
B3,mixamorig_Spine2,2,0.9990620017051697,-0.000028000000384054147,0.04330400004982948,0,-0.0007360000163316727,0.9998440146446228,0.01764100044965744,0,-0.04329700022935867,-0.017656000331044197,0.9989060163497925,0,0,15.155200958251953,0,1
B4,mixamorig_Neck,3,0.9995719790458679,-0.02473600022494793,-0.015641000121831894,0,0.02490900084376335,0.9996299743652344,0.010940000414848328,0,0.015363999642431736,-0.01132499985396862,0.9998180270195007,0,0,17.04960060119629,0,1
B5,mixamorig_Head,4,0.9975690245628357,0.06154999881982803,0.032680999487638474,0,-0.06441199779510498,0.9933639764785767,0.09528599679470062,0,-0.026599999517202377,-0.09715999662876129,0.9949129819869995,0,0,8.434432983398438,2.7853739261627197,1
B6,mixamorig_HeadTop_End,5,1,0,0,0,0,1,0,0,0,0,1,0,0,26.593154907226562,8.782084465026855,1
B7,mixamorig_LeftShoulder,3,-0.149384006857872,-0.007040000054985285,-0.9887539744377136,0,0.9514949917793274,-0.2730329930782318,-0.14181099832057953,0,-0.2689639925956726,-0.9619789719581604,0.047485001385211945,0,6.87520694732666,14.980978965759277,-0.1508830040693283,1
B8,mixamorig_LeftArm,7,0.924697995185852,0.3399159908294678,-0.17143699526786804,0,-0.04738499969244003,0.5495820045471191,0.8340950012207031,0,0.3777410089969635,-0.7631620168685913,0.5243039727210999,0,0,14.61878490447998,0,1
B9,mixamorig_LeftForeArm,8,0.8727520108222961,0.4880479872226715,0.010606000199913979,0,-0.48810601234436035,0.872111976146698,0.034247998148202896,0,0.007464999798685312,-0.03506699949502945,0.9993569850921631,0,0,32.975616455078125,0,1
B10,mixamorig_LeftHand,9,0.9889150261878967,-0.019905000925064087,-0.14714199304580688,0,0.05598900094628334,0.9678120017051697,0.24536800384521484,0,0.13752199709415436,-0.2508859932422638,0.9581980109214783,0,0,25.293554306030273,0,1
B11,mixamorig_LeftHandThumb1,10,0.998412013053894,0.004393000155687332,0.05615999922156334,0,-0.01916399970650673,0.9639739990234375,0.2653059959411621,0,-0.05297200009226799,-0.2659609913825989,0.9625269770622253,0,-3.130539894104004,4.719610214233398,1.279068946838379,1
B12,mixamorig_LeftHandThumb2,11,0.96288001537323,-0.2672339975833893,-0.03805999830365181,0,0.26848599314689636,0.9627270102500916,0.03274700045585632,0,0.027890000492334366,-0.041749998927116394,0.9987390041351318,0,-0.4206460118293762,4.625813007354736,0,1
B13,mixamorig_LeftHandThumb3,12,0.963621973991394,0.2664099931716919,0.021399000659585,0,-0.26512598991394043,0.9629470109939575,-0.049417998641729355,0,-0.033771999180316925,0.04194699972867966,0.9985489845275879,0,-0.4187909960746765,5.133072853088379,0,1
B14,mixamorig_LeftHandThumb4,13,1,0,0,0,0,1,0,0,0,0,1,0,0.8394370079040527,3.463347911834717,0,1
B15,mixamorig_LeftHandIndex1,10,0.9697340130805969,-0.24338099360466003,-0.01952200010418892,0,0.23592999577522278,0.9134500026702881,0.3315809965133667,0,-0.06286799907684326,-0.3261510133743286,0.9432250261306763,0,-2.8876359462738037,12.750489234924316,-0.2908580005168915,1
B16,mixamorig_LeftHandIndex2,15,0.9974489808082581,-0.06780199706554413,-0.022339999675750732,0,0.06818100064992905,0.8120449781417847,0.5795990228652954,0,-0.021157000213861465,-0.5796430110931396,0.8145959973335266,0,0.004712999798357487,4.165553092956543,0,1
B17,mixamorig_LeftHandIndex3,16,0.9996449947357178,-0.026336999610066414,-0.00406799977645278,0,0.02635199949145317,0.9541699886322021,0.2981019914150238,0,-0.003969000186771154,-0.298103004693985,0.9545249938964844,0,-0.013642000034451485,3.943120002746582,0,1
B18,mixamorig_LeftHandIndex4,17,1,0,0,0,0,1,0,0,0,0,1,0,0.008929000236093998,2.7764620780944824,0,1
B19,mixamorig_LeftHandMiddle1,10,0.9651550054550171,-0.25932300090789795,-0.035029999911785126,0,0.24875199794769287,0.867667019367218,0.43043699860572815,0,-0.08122699707746506,-0.4241519868373871,0.9019410014152527,0,2.8876349925994873,12.314681053161621,-0.38488200306892395,1
B20,mixamorig_LeftHandMiddle2,19,0.9993020296096802,-0.036556001752614975,-0.0076870000921189785,0,0.03652999922633171,0.9132609963417053,0.40573400259017944,0,-0.0078119998797774315,-0.40573200583457947,0.9139590263366699,0,-0.00863800011575222,4.504525184631348,0,1
B21,mixamorig_LeftHandMiddle3,20,0.9996110200881958,-0.02768000029027462,-0.0033839999232441187,0,0.027621999382972717,0.9661870002746582,0.25635799765586853,0,-0.0038270000368356705,-0.2563509941101074,0.9665759801864624,0,0.00863100029528141,3.99943208694458,0,1
B22,mixamorig_LeftHandMiddle4,21,1,0,0,0,0,1,0,0,0,0,1,0,0.000007000000096013537,2.4375669956207275,0,1
B23,mixamorig_RightShoulder,3,0.03312300145626068,-0.01639699935913086,0.9993169903755188,0,-0.9767500162124634,-0.21242600679397583,0.02889000065624714,0,0.2118079960346222,-0.9770389795303345,-0.023051999509334564,0,-6.87520694732666,14.977663040161133,-0.09504400193691254,1
B24,mixamorig_RightArm,23,0.9237669706344604,-0.37011298537254333,0.09833499789237976,0,0.10325299948453903,0.4879879951477051,0.8667219877243042,0,-0.3687720000743866,-0.7904959917068481,0.4890030026435852,0,0,14.618783950805664,0,1
B25,mixamorig_RightForeArm,24,0.8907510042190552,-0.4543969929218292,-0.009239000268280506,0,0.45445600152015686,0.8902450203895569,0.03056499920785427,0,-0.005663000047206879,-0.03142400085926056,0.9994900226593018,0,0,32.97226333618164,0,1
B26,mixamorig_RightHand,25,0.9961249828338623,0.04775800183415413,0.07385600358247757,0,-0.049300000071525574,0.9986000061035156,0.019192000851035118,0,-0.0728359967470169,-0.022758999839425087,0.9970840215682983,0,0,25.293704986572266,0,1
B27,mixamorig_RightHandThumb1,26,0.9424890279769897,0.21142999827861786,0.2588669955730438,0,-0.2919040024280548,0.8979460000991821,0.32936999201774597,0,-0.16280899941921234,-0.38599199056625366,0.9080219864845276,0,3.3768560886383057,4.748579025268555,1.676705002784729,1
B28,mixamorig_RightHandThumb2,27,0.983269989490509,-0.1658640056848526,0.0752900019288063,0,0.16252799332141876,0.9855110049247742,0.04850500077009201,0,-0.08224400132894516,-0.03545700013637543,0.995980978012085,0,0.8304370045661926,4.779016017913818,0,1
B29,mixamorig_RightHandThumb3,28,0.9676790237426758,-0.2509639859199524,-0.024795999750494957,0,0.24864499270915985,0.9658880233764648,-0.0723629966378212,0,0.04210999980568886,0.0638590008020401,0.9970700144767761,0,-0.04053400084376335,4.714171886444092,0,1
B30,mixamorig_RightHandThumb4,29,1,0,0,0,0,1,0,0,0,0,1,0,-0.7899029850959778,3.133430004119873,0,1
B31,mixamorig_RightHandIndex1,26,0.9584940075874329,0.2833409905433655,0.03174300119280815,0,-0.2839129865169525,0.9383140206336975,0.1973849982023239,0,0.026142999529838562,-0.19820399582386017,0.9798120260238647,0,2.734330892562866,12.659953117370605,-0.2036769986152649,1
B32,mixamorig_RightHandIndex2,31,0.9992520213127136,0.03646500036120415,0.012858999893069267,0,-0.03649299964308739,0.7795180082321167,0.6253150105476379,0,0.012777999974787235,-0.6253169775009155,0.7802659869194031,0,0.003576999995857477,3.9942049980163574,0,1
B33,mixamorig_RightHandIndex3,32,0.9999589920043945,0.009088000282645226,0.0005559999844990671,0,-0.009076000191271305,0.9900500178337097,0.1404229998588562,0,0.0007249999907799065,-0.1404229998588562,0.9900910258293152,0,-0.0030449999030679464,4.0164408683776855,0,1
B34,mixamorig_RightHandIndex4,33,1,0,0,0,0,1,0,0,0,0,1,0,-0.0005319999763742089,2.7108449935913086,0,1
B35,mixamorig_RightHandMiddle1,26,0.9503359794616699,0.30944499373435974,0.03325200080871582,0,-0.3007200062274933,0.8854699730873108,0.3542740046977997,0,0.08018500357866287,-0.3466790020465851,0.9345499873161316,0,-2.734330892562866,12.855645179748535,0.031132999807596207,1
B36,mixamorig_RightHandMiddle2,35,0.9989489912986755,0.04441000148653984,0.0113129997625947,0,-0.04426499828696251,0.8710860013961792,0.48913198709487915,0,0.011868000030517578,-0.4891189932823181,0.8721370100975037,0,-0.014014000073075294,3.495635986328125,0,1
B37,mixamorig_RightHandMiddle3,36,0.9995819926261902,0.010014000348746777,-0.027108000591397285,0,-0.007428999990224838,0.9955580234527588,0.0938510000705719,0,0.02792700007557869,-0.09361100196838379,0.9952170252799988,0,0.007751000113785267,4.023311138153076,0,1
B38,mixamorig_RightHandMiddle4,37,1,0,0,0,0,1,0,0,0,0,1,0,0.006262999959290028,3.2556300163269043,0,1
B39,mixamorig_LeftUpLeg,0,-0.9957370162010193,-0.048987001180648804,0.07815899699926376,0,0.05827099829912186,-0.9909039735794067,0.12129700183868408,0,0.07150600105524063,0.1253349930047989,0.9895340204238892,0,9.219632148742676,-6.2994771003723145,-0.37198200821876526,1
B40,mixamorig_LeftLeg,39,0.9875699877738953,0.0428289994597435,0.1512340009212494,0,0.018323000520467758,0.9242309927940369,-0.38139399886131287,0,-0.1561100035905838,0.37942400574684143,0.9119579792022705,0,0,39.01494598388672,0,1
B41,mixamorig_LeftFoot,40,0.9987279772758484,-0.04432100057601929,0.02404399961233139,0,-0.008231000043451786,0.32714200019836426,0.9449390172958374,0,-0.04974599927663803,-0.943934977054596,0.3263610005378723,0,0,36.9173583984375,0,1
B42,mixamorig_LeftToeBase,41,0.9837660193443298,-0.0013249999610707164,0.17945200204849243,0,-0.09637899696826935,0.8396210074424744,0.5345529913902283,0,-0.1513800024986267,-0.5431709885597229,0.8258630037307739,0,0,14.053741455078125,0,1
B43,mixamorig_LeftToe_End,42,1,0,0,0,0,1,0,0,0,0,1,0,0,5.576911926269531,0,1
B44,mixamorig_RightUpLeg,0,-0.96527099609375,0.0875990018248558,-0.24612799286842346,0,-0.1166049987077713,-0.9875230193138123,0.105833999812603,0,-0.23378600180149078,0.13085800409317017,0.9634420275688171,0,-9.219632148742676,-6.2994771003723145,-0.7230679988861084,1
B45,mixamorig_RightLeg,44,0.9976400136947632,-0.00800700020045042,-0.06819699704647064,0,-0.012678000144660473,0.9546229839324951,-0.29754799604415894,0,0.06748399883508682,0.29771000146865845,0.9522680044174194,0,0,38.98940658569336,0,1
B46,mixamorig_RightFoot,45,0.9944700002670288,0.09067700058221817,-0.0529789999127388,0,0.009232999756932259,0.42702600359916687,0.9041919708251953,0,0.10461200028657913,-0.8996809720993042,0.42382699251174927,0,0,36.91478729248047,0,1
B47,mixamorig_RightToeBase,46,0.9835739731788635,0,-0.18050499260425568,0,0.0973839983344078,0.8419809937477112,0.530646026134491,0,0.15198099613189697,-0.5395079851150513,0.8281499743461609,0,0,13.97432804107666,0,1
B48,mixamorig_RightToe_End,47,1,0,0,0,0,1,0,0,0,0,1,0,0,5.508331775665283,0,1
@40,0,1,2,3,4,5,7,8,9,10,11,12,13,15,16,17,19,20,21,23,24,25,26,27,28,29,31,32,33,35,36,37,39,40,41,42,44,45,46,47
K0,0.9998489618301392,-0.017214031890034676,0.0024850969202816486,0,0.01727396622300148,0.9994980096817017,-0.026545030996203423,0,-0.0020269034430384636,0.026583965867757797,0.9996449947357178,0,-0.05407999828457832,88.472900390625,0.6915079951286316,1,0.9999970197677612,-0.001121237059123814,0.00208870111964643,0,0.0012087628711014986,0.9991009831428528,-0.04238530620932579,0,-0.0020392988808453083,0.042387690395116806,0.9990990161895752,0,0,11.346405029296875,-0.6739159822463989,1,0.9990609884262085,-0.0007881869678385556,0.04330790042877197,0,0.0000188130416063359,0.9998419880867004,0.017762739211320877,0,-0.0433150939643383,-0.017745260149240494,0.9989039897918701,0,0,13.260808944702148,0,1,0.9990620613098145,-0.000028303596991463564,0.043303631246089935,0,-0.0007363035110756755,0.9998440146446228,0.01764083281159401,0,-0.04329736903309822,-0.017656167969107628,0.9989060163497925,0,0,15.155200958251953,0,1,0.9995720386505127,-0.0247361920773983,-0.015640703961253166,0,0.02490880899131298,0.9996299743652344,0.010940046980977058,0,0.015364297665655613,-0.011324954219162464,0.9998180866241455,0,0,17.04960060119629,0,1,0.9975690245628357,0.06154989078640938,0.03268137574195862,0,-0.06441210955381393,0.9933639168739319,0.0952863022685051,0,-0.026599625125527382,-0.09715968370437622,0.9949130415916443,0,0,8.434432983398438,2.7853739261627197,1,-0.14938397705554962,-0.007039779331535101,-0.9887539148330688,0,0.9514949917793274,-0.2730327248573303,-0.1418108493089676,0,-0.2689639627933502,-0.9619789719581604,0.047485072165727615,0,6.87520694732666,14.980978965759277,-0.1508830040693283,1,0.9246979355812073,0.3399159610271454,-0.17143714427947998,0,-0.047385018318891525,0.5495820641517639,0.8340950012207031,0,0.3777408301830292,-0.7631620168685913,0.5243040323257446,0,0,14.61878490447998,0,1,0.8727521300315857,0.48804786801338196,0.010606039315462112,0,-0.4881061017513275,0.8721119165420532,0.03424805402755737,0,0.007465038448572159,-0.03506694361567497,0.9993569850921631,0,0,32.975616455078125,0,1,0.988914966583252,-0.019905058667063713,-0.14714214205741882,0,0.055988945066928864,0.9678120017051697,0.24536782503128052,0,0.13752183318138123,-0.2508861720561981,0.9581980109214783,0,0,25.293554306030273,0,1,0.9984119534492493,0.004392571747303009,0.05616031214594841,0,-0.019164428114891052,0.9639739990234375,0.2653060257434845,0,-0.05297168344259262,-0.2659608721733093,0.9625269770622253,0,-3.130539894104004,4.719610214233398,1.279068946838379,1,0.96288001537323,-0.26723402738571167,-0.03805986046791077,0,0.268485963344574,0.9627270698547363,0.03274701535701752,0,0.02789013646543026,-0.0417499765753746,0.9987390041351318,0,-0.4206460118293762,4.625813007354736,0,1,0.963621973991394,0.2664100229740143,0.02139921486377716,0,-0.26512598991394043,0.9629470705986023,-0.04941811040043831,0,-0.03377178683876991,0.041946884244680405,0.9985490441322327,0,-0.4187909960746765,5.133072853088379,0,1,0.9697340726852417,-0.24338090419769287,-0.01952205039560795,0,0.23593008518218994,0.9134500622749329,0.3315808176994324,0,-0.06286804378032684,-0.32615119218826294,0.9432249069213867,0,-2.8876359462738037,12.750489234924316,-0.2908580005168915,1,0.9974489808082581,-0.067802295088768,-0.022340018302202225,0,0.06818070262670517,0.8120450973510742,0.5795988440513611,0,-0.02115701697766781,-0.5796430706977844,0.8145959377288818,0,0.004712999798357487,4.165553092956543,0,1,0.999644935131073,-0.026336953043937683,-0.004068270791321993,0,0.0263520460575819,0.9541700482368469,0.29810187220573425,0,-0.0039692712016403675,-0.29810312390327454,0.9545249342918396,0,-0.013642000034451485,3.943120002746582,0,1,0.9651550650596619,-0.2593228816986084,-0.03503040596842766,0,0.24875208735466003,0.8676671385765076,0.43043673038482666,0,-0.08122739940881729,-0.4241522550582886,0.9019408226013184,0,2.8876349925994873,12.314681053161621,-0.38488200306892395,1,0.9993020296096802,-0.03655625134706497,-0.007686940021812916,0,0.036529749631881714,0.9132609963417053,0.40573418140411377,0,-0.0078119393438100815,-0.40573182702064514,0.9139590859413147,0,-0.00863800011575222,4.504525184631348,0,1,0.9996110796928406,-0.02767987921833992,-0.0033836800139397383,0,0.027622118592262268,0.9661871194839478,0.2563576102256775,0,-0.00382668012753129,-0.2563513517379761,0.9665759205818176,0,0.00863100029528141,3.99943208694458,0,1,0.0331227146089077,-0.016396528109908104,0.9993170499801636,0,-0.9767500162124634,-0.2124263048171997,0.02888934127986431,0,0.21180734038352966,-0.9770391583442688,-0.023051489144563675,0,-6.87520694732666,14.977663040161133,-0.09504400193691254,1,0.9237669110298157,-0.3701131343841553,0.09833518415689468,0,0.10325285792350769,0.4879881739616394,0.8667218685150146,0,-0.36877182126045227,-0.7904961705207825,0.48900291323661804,0,0,14.618783950805664,0,1,0.8907510042190552,-0.454397052526474,-0.009239273145794868,0,0.4544559717178345,0.8902450203895569,0.03056466206908226,0,-0.005663273390382528,-0.03142433986067772,0.9994900226593018,0,0,32.97226333618164,0,1,0.9961249828338623,0.047758184373378754,0.07385601103305817,0,-0.04929981753230095,0.9985999464988708,0.019192149862647057,0,-0.07283597439527512,-0.022758848965168,0.9970840215682983,0,0,25.293704986572266,0,1,0.9424890279769897,0.2114303559064865,0.258866548538208,0,-0.29190361499786377,0.8979460597038269,0.32937005162239075,0,-0.16280944645404816,-0.3859919011592865,0.9080219268798828,0,3.3768560886383057,4.748579025268555,1.676705002784729,1,0.983269989490509,-0.1658640205860138,0.07528980821371078,0,0.16252796351909637,0.9855110049247742,0.04850509390234947,0,-0.08224418759346008,-0.03545690327882767,0.995980978012085,0,0.8304370045661926,4.779016017913818,0,1,0.9676790833473206,-0.25096386671066284,-0.024795666337013245,0,0.2486451268196106,0.9658880233764648,-0.07236309349536896,0,0.04211033508181572,0.06385889649391174,0.9970700144767761,0,-0.04053400084376335,4.714171886444092,0,1,0.9584939479827881,0.28334125876426697,0.03174266219139099,0,-0.2839127480983734,0.9383141994476318,0.19738483428955078,0,0.026142660528421402,-0.1982041746377945,0.97981196641922,0,2.734330892562866,12.659953117370605,-0.2036769986152649,1,0.9992520213127136,0.03646477684378624,0.01285908930003643,0,-0.03649322688579559,0.7795179486274719,0.6253150701522827,0,0.012778090313076973,-0.6253169775009155,0.7802660465240479,0,0.003576999995857477,3.9942049980163574,0,1,0.9999590516090393,0.009087965823709965,0.000556349172256887,0,-0.00907603558152914,0.9900499582290649,0.14042340219020844,0,0.0007253491203300655,-0.14042259752750397,0.99009108543396,0,-0.0030449999030679464,4.0164408683776855,0,1,0.9503359794616699,0.30944526195526123,0.033251889050006866,0,-0.3007197678089142,0.8854699730873108,0.3542741537094116,0,0.08018489181995392,-0.34667888283729553,0.9345500469207764,0,-2.734330892562866,12.855645179748535,0.031132999807596207,1,0.9989489912986755,0.04441002756357193,0.011312881484627724,0,-0.04426496475934982,0.8710860013961792,0.48913195729255676,0,0.011867881752550602,-0.4891190528869629,0.8721370100975037,0,-0.014014000073075294,3.495635986328125,0,1,0.9995819926261902,0.010014238767325878,-0.02710776962339878,0,-0.007428762037307024,0.995557963848114,0.09385126084089279,0,0.027927229180932045,-0.0936107262969017,0.9952170252799988,0,0.007751000113785267,4.023311138153076,0,1,-0.9957368969917297,-0.04898735135793686,0.07815898954868317,0,0.0582706481218338,-0.9909038543701172,0.12129736691713333,0,0.07150600850582123,0.12533462047576904,0.9895340800285339,0,9.219632148742676,-6.2994771003723145,-0.37198200821876526,1,0.9875699281692505,0.042829304933547974,0.15123401582241058,0,0.01832330785691738,0.9242310523986816,-0.38139382004737854,0,-0.1561099886894226,0.37942415475845337,0.9119579195976257,0,0,39.01494598388672,0,1,0.9987279772758484,-0.044321004301309586,0.02404366061091423,0,-0.008231004700064659,0.3271419107913971,0.9449390769004822,0,-0.04974633827805519,-0.943934977054596,0.3263609707355499,0,0,36.9173583984375,0,1,0.9837659597396851,-0.0013248727191239595,0.17945203185081482,0,-0.0963788777589798,0.8396209478378296,0.5345531702041626,0,-0.15137995779514313,-0.5431708097457886,0.8258631229400635,0,0,14.053741455078125,0,1,-0.9652711153030396,0.08759936690330505,-0.24612794816493988,0,-0.11660464107990265,-0.9875231385231018,0.10583391785621643,0,-0.23378606140613556,0.13085807859897614,0.9634420275688171,0,-9.219632148742676,-6.2994771003723145,-0.7230679988861084,1,0.9976400136947632,-0.00800700020045042,-0.06819656491279602,0,-0.012677999213337898,0.9546229839324951,-0.2975478768348694,0,0.06748443096876144,0.2977100908756256,0.9522679448127747,0,0,38.98940658569336,0,1,0.9944700598716736,0.09067665785551071,-0.052978649735450745,0,0.00923265889286995,0.42702576518058777,0.9041920900344849,0,0.10461235046386719,-0.8996809124946594,0.42382708191871643,0,0,36.91478729248047,0,1,0.9835740327835083,0,-0.1805046796798706,0,0.09738386422395706,0.8419809937477112,0.5306462049484253,0,0.15198133885860443,-0.5395077466964722,0.8281500935554504,0,0,13.97432804107666,0,1
K0.033,0.9998190402984619,-0.018841063603758812,0.0028100230265408754,0,0.018909968435764313,0.9994580149650574,-0.026936881244182587,0,-0.002300979569554329,0.026985129341483116,0.9996330142021179,0,0.1062745526432991,88.44256591796875,0.6590768694877625,1,0.9999970197677612,-0.001365052885375917,0.0018232741858810186,0,0.001439952407963574,0.999127984046936,-0.04173023998737335,0,-0.001764720189385116,0.04173274338245392,0.9991269707679749,0,0,11.346405029296875,-0.6739159822463989,1,0.9990770220756531,-0.0010333049576729536,0.04295006021857262,0,0.00021770026069134474,0.9998199939727783,0.01898995414376259,0,-0.042961932718753815,-0.01896306686103344,0.9988969564437866,0,0,13.260808944702148,0,1,0.9990770220756531,-0.0002486825396772474,0.04294896870851517,0,-0.0005626776837743819,0.9998220205307007,0.018878139555454254,0,-0.042946018278598785,-0.01888488046824932,0.9988990426063538,0,0,15.155200958251953,0,1,0.9995980262756348,-0.02387216128408909,-0.015265905298292637,0,0.02404882200062275,0.999644935131073,0.011494257487356663,0,0.014986089430749416,-0.011856761761009693,0.9998170137405396,0,0,17.04960060119629,0,1,0.9975100159645081,0.06233614310622215,0.03297070413827896,0,-0.06520187109708786,0.9933880567550659,0.09449426829814911,0,-0.02686229720711708,-0.09640873968601227,0.9949790239334106,0,0,8.434432983398438,2.7853739261627197,1,-0.1469137966632843,-0.00688677653670311,-0.9891250729560852,0,0.9520992040634155,-0.27210697531700134,-0.1395197957754135,0,-0.2681868374347687,-0.962242066860199,0.046533096581697464,0,6.87520694732666,14.980978965759277,-0.1508830040693283,1,0.9239629507064819,0.3422412574291229,-0.17077071964740753,0,-0.04879274219274521,0.5483017563819885,0.8348551988601685,0,0.3793562352657318,-0.7630438208580017,0.5233100652694702,0,0,14.61878490447998,0,1,0.8729389905929565,0.48771512508392334,0.010592851787805557,0,-0.4877729117870331,0.872299075126648,0.034224871546030045,0,0.007451851852238178,-0.035043127834796906,0.9993579983711243,0,0,32.975616455078125,0,1,0.9887740015983582,-0.019665632396936417,-0.1481221616268158,0,0.056092362850904465,0.9676539897918701,0.2459668517112732,0,0.1384938657283783,-0.25151413679122925,0.9578940868377686,0,0,25.293554306030273,0,1,0.9984130263328552,0.004278608597815037,0.05614589527249336,0,-0.01904238946735859,0.9640169739723206,0.2651577889919281,0,-0.0529911071062088,-0.2658062279224396,0.9625689387321472,0,-3.130539894104004,4.719610214233398,1.279068946838379,1,0.9629310369491577,-0.2670741081237793,-0.03789824992418289,0,0.26831790804862976,0.9627761244773865,0.03269409388303757,0,0.02775575965642929,-0.04165090620517731,0.9987469911575317,0,-0.4206460118293762,4.625813007354736,0,1,0.9636160135269165,0.2664318382740021,0.021406076848506927,0,-0.26514819264411926,0.9629419445991516,-0.049393970519304276,0,-0.03377292677760124,0.04192103073000908,0.9985499382019043,0,-0.4187909960746765,5.133072853088379,0,1,0.969651997089386,-0.24370287358760834,-0.019585980102419853,0,0.23613612353801727,0.9127547740936279,0.33334529399871826,0,-0.06335997581481934,-0.3278537392616272,0.9426010847091675,0,-2.8876359462738037,12.750489234924316,-0.2908580005168915,1,0.9974730014801025,-0.06750982999801636,-0.022118300199508667,0,0.0678841769695282,0.8139981031417847,0.5768868327140808,0,-0.020941300317645073,-0.5769311785697937,0.8165249228477478,0,0.004712999798357487,4.165553092956543,0,1,0.9996499419212341,-0.02616298943758011,-0.00401971023529768,0,0.02617800422012806,0.9546640515327454,0.29653283953666687,0,-0.003920710179954767,-0.29653406143188477,0.9550139904022217,0,-0.013642000034451485,3.943120002746582,0,1,0.9652039408683777,-0.259156197309494,-0.0349099263548851,0,0.24838382005691528,0.8668510913848877,0.43228983879089355,0,-0.0817689374089241,-0.42591920495033264,0.9010589122772217,0,2.8876349925994873,12.314681053161621,-0.38488200306892395,1,0.9993100166320801,-0.03634767234325409,-0.007599708624184132,0,0.03632131963968277,0.9141859412193298,0.40366408228874207,0,-0.007724708411842585,-0.4036618769168854,0.9148759841918945,0,-0.00863800011575222,4.504525184631348,0,1,0.9996140003204346,-0.027569612488150597,-0.0033542055170983076,0,0.027512384578585625,0.9664851427078247,0.25524455308914185,0,-0.0037952056154608727,-0.25523841381073,0.9668709635734558,0,0.00863100029528141,3.99943208694458,0,1,0.037239156663417816,-0.017220016568899155,0.9991580247879028,0,-0.976015031337738,-0.21523673832416534,0.03266710788011551,0,0.2144930213689804,-0.976409912109375,-0.02482224442064762,0,-6.87520694732666,14.977663040161133,-0.09504400193691254,1,0.9232290983200073,-0.37137967348098755,0.09861520677804947,0,0.10436934232711792,0.48936212062835693,0.8658128976821899,0,-0.369803786277771,-0.7890511155128479,0.49055391550064087,0,0,14.618783950805664,0,1,0.8902771472930908,-0.45532578229904175,-0.009271066635847092,0,0.455384224653244,0.8897678256034851,0.030626783147454262,0,-0.005696065723896027,-0.031488217413425446,0.9994879961013794,0,0,32.97226333618164,0,1,0.9961830377578735,0.047040194272994995,0.07353284955024719,0,-0.04848979040980339,0.9986609816551208,0.01805316098034382,0,-0.0725850909948349,-0.02154982089996338,0.9971290230751038,0,0,25.293704986572266,0,1,0.9423509240150452,0.21205024421215057,0.2588598430156708,0,-0.2921207845211029,0.8986310958862305,0.3273020088672638,0,-0.16321517527103424,-0.38405200839042664,0.9087709188461304,0,3.3768560886383057,4.748579025268555,1.676705002784729,1,0.9831609129905701,-0.16687336564064026,0.07447788864374161,0,0.16357067227363586,0.9853400588035583,0.04848039150238037,0,-0.0814761072397232,-0.035481613129377365,0.9960430264472961,0,0.8304370045661926,4.779016017913818,0,1,0.9676750302314758,-0.25097569823265076,-0.02482306770980358,0,0.24865826964378357,0.9658899307250977,-0.07229214161634445,0,0.04211993142962456,0.06378285586833954,0.9970750212669373,0,-0.04053400084376335,4.714171886444092,0,1,0.9587410092353821,0.2825160324573517,0.031623270362615585,0,-0.28305789828300476,0.938387930393219,0.19825829565525055,0,0.026336273178458214,-0.19902969896793365,0.979640007019043,0,2.734330892562866,12.659953117370605,-0.2036769986152649,1,0.9992530345916748,0.036449965089559555,0.012847011908888817,0,-0.036478038877248764,0.7797110676765442,0.6250749230384827,0,0.012767011299729347,-0.6250771284103394,0.7804588675498962,0,0.003576999995857477,3.9942049980163574,0,1,0.9999589920043945,0.009034387767314911,0.000548970652744174,0,-0.009022609330713749,0.9901769757270813,0.1395278424024582,0,0.000716970709618181,-0.1395270973443985,0.9902179837226868,0,-0.0030449999030679464,4.0164408683776855,0,1,0.9506520628929138,0.3084837794303894,0.033128783106803894,0,-0.29953017830848694,0.8846999406814575,0.3571949005126953,0,0.08087978512048721,-0.3494911193847656,0.9334419965744019,0,-2.734330892562866,12.855645179748535,0.031132999807596207,1,0.9989539980888367,0.044318947941064835,0.011259200051426888,0,-0.04417504742741585,0.8717420101165771,0.4879700243473053,0,0.01181120052933693,-0.48795703053474426,0.8727880120277405,0,-0.014014000073075294,3.495635986328125,0,1,0.9995750188827515,0.009881949052214622,-0.027437232434749603,0,-0.00730904983356595,0.9957010746002197,0.09233888983726501,0,0.02823176607489586,-0.09209909290075302,0.9953500032424927,0,0.007751000113785267,4.023311138153076,0,1,-0.9956530332565308,-0.04913807287812233,0.07912039756774902,0,0.058760933578014374,-0.9905041456222534,0.1242920458316803,0,0.07226162403821945,0.12840096652507782,0.9890859723091125,0,9.219632148742676,-6.2994771003723145,-0.37198200821876526,1,0.9877340197563171,0.04250359907746315,0.1502520591020584,0,0.01926661655306816,0.9217140078544617,-0.3873920738697052,0,-0.1549549102783203,0.38553503155708313,0.9095890522003174,0,0,39.01494598388672,0,1,0.9987990260124207,-0.042334191501140594,0.024656910449266434,0,-0.009632226079702377,0.3237772285938263,0.9460839033126831,0,-0.048035088926553726,-0.9451860785484314,0.3229809105396271,0,0,36.9173583984375,0,1,0.9837659597396851,-0.0012719844235107303,0.17945294082164764,0,-0.0963749960064888,0.8397940397262573,0.5342829823493958,0,-0.15138305723667145,-0.5429040193557739,0.8260380029678345,0,0,14.053741455078125,0,1,-0.9648359417915344,0.0874539390206337,-0.2478788048028946,0,-0.11677104979753494,-0.9874719381332397,0.10612685978412628,0,-0.23549224436283112,0.1313401311635971,0.9629610180854797,0,-9.219632148742676,-6.2994771003723145,-0.7230679988861084,1,0.9976180791854858,-0.00913982279598713,-0.0683768168091774,0,-0.011672798544168472,0.9545269012451172,-0.29789626598358154,0,0.06799019128084183,0.29798468947410583,0.952146053314209,0,0,38.98940658569336,0,1,0.9944210052490234,0.09256867319345474,-0.05058000981807709,0,0.006141623482108116,0.4278738498687744,0.9038171172142029,0,0.1053069680929184,-0.8990849852561951,0.4249180555343628,0,0,36.91478729248047,0,1,0.9835740327835083,0,-0.1805046796798706,0,0.09738386422395706,0.8419809937477112,0.5306462049484253,0,0.15198133885860443,-0.5395077466964722,0.8281500935554504,0,0,13.97432804107666,0,1
K0.067,0.9997889995574951,-0.020329970866441727,0.0029418414924293756,0,0.020402997732162476,0.9994159936904907,-0.027396373450756073,0,-0.0023831562139093876,0.027450619265437126,0.9996200203895569,0,0.2613634467124939,88.41859436035156,0.6476911306381226,1,0.9999970197677612,-0.0016297160182148218,0.0015532072866335511,0,0.001692278659902513,0.9991509318351746,-0.0411672443151474,0,-0.0014847980346530676,0.04116976261138916,0.9991509914398193,0,0,11.346405029296875,-0.6739159822463989,1,0.9990950226783752,-0.001311965868808329,0.04250810667872429,0,0.0004590290191117674,0.9997979998588562,0.020068814978003502,0,-0.04252590239048004,-0.020031163468956947,0.998894989490509,0,0,13.260808944702148,0,1,0.9990960359573364,-0.0005051298649050295,0.04251021146774292,0,-0.0003441346052568406,0.9998010396957397,0.01996821165084839,0,-0.042511794716119766,-0.01996476761996746,0.9988960027694702,0,0,15.155200958251953,0,1,0.9996209740638733,-0.02311004512012005,-0.0149549450725317,0,0.02329697087407112,0.9996510148048401,0.012448144145309925,0,0.014662057161331177,-0.012791837565600872,0.999811053276062,0,0,17.04960060119629,0,1,0.9974539279937744,0.06308387964963913,0.03326781466603279,0,-0.06597509980201721,0.9933369755744934,0.09449286013841629,0,-0.027085179463028908,-0.09644713997840881,0.9949700236320496,0,0,8.434432983398438,2.7853739261627197,1,-0.14580674469470978,-0.006825858261436224,-0.9892899990081787,0,0.9524230360984802,-0.27149075269699097,-0.1384999006986618,0,-0.26763778924942017,-0.9624170064926147,0.04608634486794472,0,6.87520694732666,14.980978965759277,-0.1508830040693283,1,0.9237520098686218,0.34304893016815186,-0.17029088735580444,0,-0.049515001475811005,0.5478761196136475,0.8350929617881775,0,0.37977612018585205,-0.762986958026886,0.5230878591537476,0,0,14.61878490447998,0,1,0.8731890320777893,0.48726797103881836,0.010574908927083015,0,-0.48732608556747437,0.8725510835647583,0.03419282287359238,0,0.007433908525854349,-0.03501017764210701,0.9993590116500854,0,0,32.975616455078125,0,1,0.9885770082473755,-0.019511301070451736,-0.14945092797279358,0,0.0563196986913681,0.9675759077072144,0.24621926248073578,0,0.1398010402917862,-0.25182369351387024,0.9576220512390137,0,0,25.293554306030273,0,1,0.9984150528907776,0.004150060936808586,0.056126661598682404,0,-0.018905939534306526,0.9640560150146484,0.2650270164012909,0,-0.053009338676929474,-0.26566797494888306,0.9626060128211975,0,-3.130539894104004,4.719610214233398,1.279068946838379,1,0.962986946105957,-0.2668972611427307,-0.03771897032856941,0,0.26813173294067383,0.962830126285553,0.03262648358941078,0,0.027609026059508324,-0.04153251275420189,0.9987559914588928,0,-0.4206460118293762,4.625813007354736,0,1,0.9635920524597168,0.26651668548583984,0.02140897512435913,0,-0.2652333378791809,0.9629188776016235,-0.04938109964132309,0,-0.033776022493839264,0.04190490022301674,0.9985510110855103,0,-0.4187909960746765,5.133072853088379,0,1,0.9695579409599304,-0.24407216906547546,-0.019668741151690483,0,0.23639383912086487,0.9120540618896484,0.3350759446620941,0,-0.0638437420129776,-0.32952502369880676,0.941986083984375,0,-2.8876359462738037,12.750489234924316,-0.2908580005168915,1,0.9974960088729858,-0.06724126636981964,-0.021915556862950325,0,0.06761172413825989,0.8157830834388733,0.5743929743766785,0,-0.020744556561112404,-0.5744360089302063,0.8182859420776367,0,0.004712999798357487,4.165553092956543,0,1,0.9996539950370789,-0.02600102685391903,-0.003974874969571829,0,0.026015978306531906,0.9551190137863159,0.2950788736343384,0,-0.003875874914228916,-0.2950802147388458,0.9554650187492371,0,-0.013642000034451485,3.943120002746582,0,1,0.9652369618415833,-0.2590484023094177,-0.0348137728869915,0,0.24805963039398193,0.8659210801124573,0.43433505296707153,0,-0.08236777037382126,-0.4278719127178192,0.9000780582427979,0,2.8876349925994873,12.314681053161621,-0.38488200306892395,1,0.9993179440498352,-0.036157116293907166,-0.007520276587456465,0,0.0361308827996254,0.9150308966636658,0.4017621874809265,0,-0.007645276840776205,-0.4017598330974579,0.9157130718231201,0,-0.00863800011575222,4.504525184631348,0,1,0.9996169805526733,-0.027466867119073868,-0.0033270136918872595,0,0.02741013839840889,0.966759979724884,0.25421303510665894,0,-0.003766013775020838,-0.25420695543289185,0.9671429991722107,0,0.00863100029528141,3.99943208694458,0,1,0.03970973193645477,-0.017694102600216866,0.999055027961731,0,-0.9756219387054443,-0.21666006743907928,0.034941043704748154,0,0.2158370018005371,-0.9760869145393372,-0.0258661899715662,0,-6.87520694732666,14.977663040161133,-0.09504400193691254,1,0.9227519631385803,-0.37253624200820923,0.09871978312730789,0,0.104893758893013,0.48925089836120605,0.8658121228218079,0,-0.370845228433609,-0.7885749340057373,0.49053406715393066,0,0,14.618783950805664,0,1,0.8900211453437805,-0.45582568645477295,-0.009288124740123749,0,0.45588433742523193,0.8895109295845032,0.030660875141620636,0,-0.005714124534279108,-0.03152312710881233,0.9994869232177734,0,0,32.97226333618164,0,1,0.9964150190353394,0.04620388522744179,0.07086387276649475,0,-0.047536130994558334,0.9987210631370544,0.017229093238711357,0,-0.06997718662023544,-0.020535919815301895,0.9973369240760803,0,0,25.293704986572266,0,1,0.9422100186347961,0.21255289018154144,0.2589629888534546,0,-0.29239505529403687,0.8990409970283508,0.3259299397468567,0,-0.1635410189628601,-0.3828140199184418,0.9092350006103516,0,3.3768560886383057,4.748579025268555,1.676705002784729,1,0.9830759763717651,-0.16765481233596802,0.0738493800163269,0,0.16437718272209167,0.9852060079574585,0.048467203974723816,0,-0.08088262379169464,-0.035507794469594955,0.9960910677909851,0,0.8304370045661926,4.779016017913818,0,1,0.9676670432090759,-0.25100600719451904,-0.024835065007209778,0,0.24868901073932648,0.9658839702606201,-0.07225774973630905,0,0.04212493821978569,0.06374526023864746,0.9970769882202148,0,-0.04053400084376335,4.714171886444092,0,1,0.9587630033493042,0.28243008255958557,0.03174101188778877,0,-0.2829439043998718,0.9380050301551819,0.2002238780260086,0,0.026776010170578957,-0.200948104262352,0.9792360067367554,0,2.734330892562866,12.659953117370605,-0.2036769986152649,1,0.9992550015449524,0.03640296310186386,0.012810646556317806,0,-0.03643103316426277,0.7803201675415039,0.6243187785148621,0,0.012730645947158337,-0.6243202090263367,0.7810648083686829,0,0.003576999995857477,3.9942049980163574,0,1,0.9999600052833557,0.00893875490874052,0.0005361531511880457,0,-0.008927247487008572,0.9903979301452637,0.1379563808441162,0,0.000702153192833066,-0.13795563578605652,0.9904380440711975,0,-0.0030449999030679464,4.0164408683776855,0,1,0.9508020877838135,0.30803975462913513,0.03296318277716637,0,-0.2990422546863556,0.8847859501838684,0.357390820980072,0,0.08092518150806427,-0.34966516494750977,0.9333728551864624,0,-2.734330892562866,12.855645179748535,0.031132999807596207,1,0.9989519715309143,0.04435379058122635,0.011279251426458359,0,-0.044209208339452744,0.871491014957428,0.4884139597415924,0,0.0118332514539361,-0.48840102553367615,0.8725389838218689,0,-0.014014000073075294,3.495635986328125,0,1,0.9995800256729126,0.00971970520913601,-0.02729789912700653,0,-0.007199297193437815,0.9958289265632629,0.09095536172389984,0,0.02806810662150383,-0.09072066843509674,0.995481014251709,0,0.007751000113785267,4.023311138153076,0,1,-0.995574951171875,-0.049322642385959625,0.07998188585042953,0,0.05920834839344025,-0.9902158379554749,0.12635721266269684,0,0.07296710461378098,0.13053373992443085,0.9887550473213196,0,9.219632148742676,-6.2994771003723145,-0.37198200821876526,1,0.9879400134086609,0.04169561713933945,0.14911720156669617,0,0.020387595519423485,0.9196450114250183,-0.39222094416618347,0,-0.15348878502845764,0.39053091406822205,0.9077040553092957,0,0,39.01494598388672,0,1,0.9988659620285034,-0.040233924984931946,0.025469180196523666,0,-0.011228888295590878,0.3207622170448303,0.9470929503440857,0,-0.0462748222053051,-0.9463050961494446,0.3199467360973358,0,0,36.9173583984375,0,1,0.9837660193443298,-0.0012541584437713027,0.17945413291454315,0,-0.09637415409088135,0.8398521542549133,0.5341917872428894,0,-0.1513848602771759,-0.5428142547607422,0.8260968327522278,0,0,14.053741455078125,0,1,-0.9644389748573303,0.08746415376663208,-0.2494138479232788,0,-0.11687283962965012,-0.9875138998031616,0.10562624037265778,0,-0.23706111311912537,0.13101975619792938,0.9626190066337585,0,-9.219632148742676,-6.2994771003723145,-0.7230679988861084,1,0.9975689649581909,-0.010332933627068996,-0.06892074644565582,0,-0.010657956823706627,0.9546939134597778,-0.2973971664905548,0,0.06887122243642807,0.297408789396286,0.9522631168365479,0,0,38.98940658569336,0,1,0.9943540096282959,0.09452403336763382,-0.0482141375541687,0,0.003036076668649912,0.4288471043109894,0.9033719301223755,0,0.10606687515974045,-0.8984180092811584,0.4261389672756195,0,0,36.91478729248047,0,1,0.9835740327835083,0,-0.1805046796798706,0,0.09738386422395706,0.8419809937477112,0.5306462049484253,0,0.15198133885860443,-0.5395077466964722,0.8281500935554504,0,0,13.97432804107666,0,1
