13.900,30,417,49
B0,mixamorig_Hips,-1,0.9993619918823242,0.020249973982572556,-0.02941100113093853,0,-0.02278001606464386,0.9958239793777466,-0.08840470761060715,0,0.027497990056872368,0.08901829272508621,0.9956499934196472,0,-0.0020649998914450407,0.9187970161437988,0.007354999892413616,1
B1,mixamorig_Spine,0,0.9968529939651489,-0.06883177906274796,0.0393209308385849,0,0.0679372176527977,0.9974089860916138,0.023651888594031334,0,-0.04084707796573639,-0.0209061149507761,0.998947024345398,0,0,0.10767500102519989,-0.008550000376999378,1
B2,mixamorig_Spine1,1,0.999894917011261,0.004078232683241367,0.01390943955630064,0,-0.00515173003077507,0.9969369769096375,0.07803678512573242,0,-0.013548578135669231,-0.07810021936893463,0.9968529939651489,0,0,0.12601600587368011,0,1
B3,mixamorig_Spine2,2,0.9998679757118225,0.004369573667645454,0.0156240314245224,0,-0.004666422959417105,0.9998080134391785,0.019013790413737297,0,-0.015537958592176437,-0.019084200263023376,0.9996970295906067,0,0,0.1440179944038391,0,1
B4,mixamorig_Neck,3,0.9979329705238342,0.05900402367115021,-0.025441810488700867,0,-0.059368979185819626,0.9981399774551392,-0.013835067860782146,0,0.024578191339969635,0.01531694270670414,0.9995809197425842,0,0,0.1620199978351593,0,1
B5,mixamorig_Head,4,0.9994310140609741,-0.019223684445023537,0.027697809040546417,0,0.017640307545661926,0.9982569813728333,0.056318797171115875,0,-0.028732210397720337,-0.05579819902777672,0.9980289340019226,0,0,0.0779459998011589,0.01733499951660633,1
B6,mixamorig_HeadTop_End,5,1,0,0,0,0,1,0,0,0,0,1,0,0,0.334632009267807,0.0744210034608841,1
B7,mixamorig_LeftShoulder,3,0.026239773258566856,0.014058115892112255,-0.9995570182800293,0,0.9432008862495422,-0.33161306381225586,0.020096369087696075,0,-0.33118391036987305,-0.9433109760284424,-0.021961018443107605,0,0.076044000685215,0.13969899713993073,-0.0020810000132769346,1
B8,mixamorig_LeftArm,7,0.9606490731239319,0.16034413874149323,-0.22681182622909546,0,0.12494434416294098,0.47983768582344055,0.8684151768684387,0,0.24807804822921753,-0.8625807762145996,0.4409213960170746,0,0,0.15738700330257416,0,1
B9,mixamorig_LeftForeArm,8,0.9463150501251221,0.3230170011520386,0.012198163196444511,0,-0.32323598861694336,0.9459220170974731,0.027396945282816887,0,-0.002688829554244876,-0.029868997633457184,0.9995499849319458,0,0,0.3126789927482605,0,1
B10,mixamorig_LeftHand,9,0.9417800307273865,0.1168479323387146,0.31527283787727356,0,-0.10234104096889496,0.9927999973297119,-0.062244098633527756,0,-0.3202761113643646,0.026354903355240822,0.9469579458236694,0,0,0.231781005859375,0,1
B11,mixamorig_LeftHandThumb1,10,0.9534990191459656,0.027603216469287872,-0.3001289665699005,0,0.041268251836299896,0.9744609594345093,0.22073008120059967,0,0.29855701327323914,-0.22285185754299164,0.928009033203125,0,-0.03511900082230568,0.05730300024151802,0.01387299969792366,1
B12,mixamorig_LeftHandThumb2,11,0.9838799834251404,-0.1786419004201889,0.008243037387728691,0,0.17827309668064117,0.9834039211273193,0.03370290994644165,0,-0.014126981608569622,-0.0316900908946991,0.9993979930877686,0,-0.00547399977222085,0.05462599918246269,0,1
B13,mixamorig_LeftHandThumb3,12,0.7954590320587158,0.5929871201515198,-0.12495061755180359,0,-0.605117917060852,0.7660520672798157,-0.21678602695465088,0,-0.03283264860510826,0.24805422127246857,0.9681900143623352,0,-0.0018390000332146883,0.050498999655246735,0,1
B14,mixamorig_LeftHandThumb4,13,1,0,0,0,0,1,0,0,0,0,1,0,0.007313000038266182,0.03203300014138222,0,1
B15,mixamorig_LeftHandIndex1,10,0.9663360118865967,-0.2562549114227295,-0.022971320897340775,0,0.2553060054779053,0.9440370798110962,0.2088356614112854,0,-0.03182940185070038,-0.20767022669315338,0.9776809215545654,0,-0.028738999739289284,0.14463800191879272,-0.0027860000263899565,1
B16,mixamorig_LeftHandIndex2,15,0.999770998954773,-0.021290984004735947,-0.0020000829827040434,0,0.021311001852154732,0.9841980338096619,0.1757817566394806,0,-0.0017740896437317133,-0.17578423023223877,0.9844269156455994,0,0.000097999996796716,0.04043300077319145,0,1
B17,mixamorig_LeftHandIndex3,16,0.9999839663505554,-0.005704184994101524,-0.0006680997903458774,0,0.0057328008115291595,0.9844110012054443,0.17579206824302673,0,-0.0003450653166510165,-0.17579291760921478,0.9844269752502441,0,-0.0002010000025620684,0.04147600010037422,0,1
B18,mixamorig_LeftHandIndex4,17,1,0,0,0,0,1,0,0,0,0,1,0,0.00010199999815085903,0.027789000421762466,0,1
B19,mixamorig_LeftHandMiddle1,10,0.9647230505943298,-0.2613146901130676,-0.032016199082136154,0,0.26230719685554504,0.9436820149421692,0.201643168926239,0,-0.02247920073568821,-0.20292779803276062,0.9789360165596008,0,0.028738999739289284,0.14042800664901733,-0.002948000095784664,1
B20,mixamorig_LeftHandMiddle2,19,0.9988530278205872,-0.0452287420630455,-0.015747839584946632,0,0.04655830189585686,0.8399859666824341,0.5406069755554199,0,-0.011223002336919308,-0.5407199263572693,0.8411279916763306,0,-0.000009999999747378752,0.04600200057029724,0,1
B21,mixamorig_LeftHandMiddle3,20,0.9999290108680725,-0.0118369460105896,-0.0013392094988375902,0,0.011318962089717388,0.9090450406074524,0.4165448546409607,0,-0.0037132147699594498,-0.41653016209602356,0.9091139435768127,0,-0.00028300000121816993,0.03973200172185898,0,1
B22,mixamorig_LeftHandMiddle4,21,1,0,0,0,0,1,0,0,0,0,1,0,0.00029399999766610563,0.025488000363111496,0,1
B23,mixamorig_RightShoulder,3,0.08578029274940491,-0.005879925563931465,0.9962969422340393,0,-0.8852599859237671,-0.4592510461807251,0.07350966334342957,0,0.4571180045604706,-0.8882870078086853,-0.04459986463189125,0,-0.076044000685215,0.13965000212192535,-0.0014669999945908785,1
B24,mixamorig_RightArm,23,0.9887089729309082,0.1419302225112915,0.04806425794959068,0,-0.11865964531898499,0.5456770062446594,0.8295520544052124,0,0.09151094406843185,-0.8258889317512512,0.5563571453094482,0,0,0.15738700330257416,0,1
B25,mixamorig_RightForeArm,24,0.9742739796638489,-0.225142702460289,-0.010059226304292679,0,0.2252962589263916,0.974116861820221,0.018388856202363968,0,0.005658742506057024,-0.020182080566883087,0.999779999256134,0,0,0.31268298625946045,0,1
B26,mixamorig_RightHand,25,0.9571981430053711,-0.2885596454143524,0.02246224135160446,0,0.28412631154060364,0.9220228791236877,-0.2629573941230774,0,0.055168211460113525,0.2580845355987549,0.9645462036132812,0,0,0.23177799582481384,0,1
B27,mixamorig_RightHandThumb1,26,0.9442099332809448,-0.16281497478485107,0.28628310561180115,0,-0.008085743524134159,0.8575332164764404,0.5143646001815796,0,-0.32924386858940125,-0.48798346519470215,0.8083757162094116,0,0.03305700048804283,0.05590000003576279,0.012753999792039394,1
B28,mixamorig_RightHandThumb2,27,0.965196967124939,0.2610340416431427,-0.016008952632546425,0,-0.2608289420604706,0.9652860164642334,0.01381773967295885,0,0.019060110673308372,-0.009161238558590412,0.9997760057449341,0,0.004586999770253897,0.052747998386621475,0,1
B29,mixamorig_RightHandThumb3,28,0.9819629788398743,-0.18810716271400452,0.019084271043539047,0,0.18650075793266296,0.9470660090446472,-0.26130998134613037,0,0.03108021803200245,0.26015597581863403,0.9650660157203674,0,0.003664999967440963,0.051580000668764114,0,1
B30,mixamorig_RightHandThumb4,29,1,0,0,0,0,1,0,0,0,0,1,0,-0.00825200043618679,0.03508400171995163,0,1
B31,mixamorig_RightHandIndex1,26,0.9467970728874207,0.313655823469162,0.07208026945590973,0,-0.20418588817119598,0.41231516003608704,0.8878650069236755,0,0.2487642914056778,-0.8553460240364075,0.4544230103492737,0,0.027382999658584595,0.14757899940013885,-0.0023690001107752323,1
B32,mixamorig_RightHandIndex2,31,0.9905320405960083,0.10493207722902298,0.0885147899389267,0,-0.10500619560480118,0.1638106107711792,0.9808871150016785,0,0.088426873087883,-0.9808949828147888,0.17327822744846344,0,-0.00014800000644754618,0.041398998349905014,0,1
B33,mixamorig_RightHandIndex3,32,0.9913020133972168,0.09956101328134537,0.0860690250992775,0,-0.10171296447515488,0.16457679867744446,0.9811059236526489,0,0.0835149809718132,-0.9813269972801208,0.1732720285654068,0,0.00014400000509340316,0.03982799872756004,0,1
B34,mixamorig_RightHandIndex4,33,1,0,0,0,0,1,0,0,0,0,1,0,0.000003999999989900971,0.024616999551653862,0,1
B35,mixamorig_RightHandMiddle1,26,0.9512059688568115,0.29616913199424744,0.08654744178056717,0,-0.20867960155010223,0.410871297121048,0.8874889612197876,0,0.22728709876537323,-0.8622459769248962,0.452627956867218,0,-0.027382999658584595,0.14722800254821777,-0.004881000146269798,1
B36,mixamorig_RightHandMiddle2,35,0.9949060082435608,0.07716991007328033,0.06486611068248749,0,-0.07688789814710617,0.1647108644247055,0.9833409786224365,0,0.06520009785890579,-0.9833179116249084,0.16980503499507904,0,0.00005700000110664405,0.04306799918413162,0,1
B37,mixamorig_RightHandMiddle3,36,0.9943060278892517,0.08246703445911407,0.06749006360769272,0,-0.08034491539001465,0.1641087830066681,0.9831650257110596,0,0.0700029656291008,-0.9829890131950378,0.16980008780956268,0,-0.00007999999797903001,0.03794199973344803,0,1
B38,mixamorig_RightHandMiddle4,37,1,0,0,0,0,1,0,0,0,0,1,0,0.00002300000051036477,0.022846000269055367,0,1
B39,mixamorig_LeftUpLeg,0,-0.9943320751190186,-0.013221830129623413,0.10549318790435791,0,0.009930173866450787,-0.9994490742683411,-0.03166703134775162,0,0.10585382580757141,-0.030439995229244232,0.9939160346984863,0,0.1005840003490448,-0.05985099822282791,-0.011447000317275524,1
B40,mixamorig_LeftLeg,39,0.9972950220108032,-0.06330399215221405,-0.037358999252319336,0,0.056345995515584946,0.9847649335861206,-0.16451109945774078,0,0.047203995287418365,0.1619608998298645,0.9856670498847961,0,0,0.3991200029850006,0,1
B41,mixamorig_LeftFoot,40,0.9970550537109375,0.02934890240430832,-0.07085596770048141,0,0.051272980868816376,0.4319849908351898,0.9004219174385071,0,0.05703509598970413,-0.9014030694961548,0.4292079210281372,0,0,0.35965201258659363,0,1
B42,mixamorig_LeftToeBase,41,0.9981300234794617,-0.0012937515275552869,0.06110889092087746,0,-0.02839582785964012,0.8755220770835876,0.4823428988456726,0,-0.054126206785440445,-0.483176052570343,0.8738479614257812,0,0,0.17422999441623688,0,1
B43,mixamorig_LeftToe_End,42,1,0,0,0,0,1,0,0,0,0,1,0,0,0.0800430029630661,0,1
B44,mixamorig_RightUpLeg,0,-0.9518409967422485,0.13672830164432526,-0.2744167745113373,0,-0.1437937170267105,-0.9895910024642944,0.005698063410818577,0,-0.2707812786102295,0.04488305747509003,0.9615939259529114,0,-0.1005840003490448,-0.05985099822282791,-0.008856999687850475,1
B45,mixamorig_RightLeg,44,0.9923449754714966,0.06544104218482971,0.1047319546341896,0,-0.04114094004034996,0.9747939705848694,-0.21927908062934875,0,-0.11644203215837479,0.21329189836978912,0.9700250029563904,0,0,0.3993130028247833,0,1
B46,mixamorig_RightFoot,45,0.9964900612831116,0.04820321872830391,0.06844711303710938,0,-0.08264580368995667,0.43604591488838196,0.8961211442947388,0,0.013349839486181736,-0.8986328840255737,0.4384993314743042,0,0,0.3595989942550659,0,1
B47,mixamorig_RightToeBase,46,0.9980789422988892,0.0014307246310636401,-0.06194015592336655,0,0.029252685606479645,0.870401918888092,0.4914710521697998,0,0.05461599677801132,-0.4923388659954071,0.8686880469322205,0,0,0.17214900255203247,0,1
B48,mixamorig_RightToe_End,47,1,0,0,0,0,1,0,0,0,0,1,0,0,0.07930000126361847,0,1
@40,0,1,2,3,4,5,7,8,9,10,11,12,13,15,16,17,19,20,21,23,24,25,26,27,28,29,31,32,33,35,36,37,39,40,41,42,44,45,46,47
K0,0.9993619918823242,0.020249979570508003,-0.02941100485622883,0,-0.022780021652579308,0.9958239793777466,-0.08840470761060715,0,0.027497993782162666,0.08901829272508621,0.9956499934196472,0,-0.0020649998914450407,0.9187970161437988,0.007354999892413616,1,0.9968529939651489,-0.06883177906274796,0.0393209271132946,0,0.0679372176527977,0.9974089860916138,0.023651886731386185,0,-0.04084707424044609,-0.02090611308813095,0.998947024345398,0,0,0.10767500102519989,-0.008550000376999378,1,0.999894917011261,0.004078251775354147,0.01390942931175232,0,-0.005151748191565275,0.9969369769096375,0.07803678512573242,0,-0.013548566959798336,-0.07810021936893463,0.9968529939651489,0,0,0.12601600587368011,0,1,0.9998679757118225,0.004369575064629316,0.015624036081135273,0,-0.004666424822062254,0.9998080134391785,0.019013796001672745,0,-0.01553796324878931,-0.019084205850958824,0.9996970295906067,0,0,0.1440179944038391,0,1,0.9979329705238342,0.05900402367115021,-0.025441808626055717,0,-0.059368979185819626,0.9981399774551392,-0.013835062272846699,0,0.024578189477324486,0.015316937118768692,0.9995809197425842,0,0,0.1620199978351593,0,1,0.9994310140609741,-0.019223688170313835,0.02769779972732067,0,0.017640311270952225,0.9982569813728333,0.056318800896406174,0,-0.02873220294713974,-0.05579820275306702,0.9980289340019226,0,0,0.0779459998011589,0.01733499951660633,1,0.026239637285470963,0.014058318920433521,-0.9995570182800293,0,0.9432007670402527,-0.33161333203315735,0.02009616047143936,0,-0.3311842083930969,-0.9433108568191528,-0.021961158141493797,0,0.076044000685215,0.13969899713993073,-0.0020810000132769346,1,0.9606490731239319,0.16034428775310516,-0.22681182622909546,0,0.1249442771077156,0.47983768582344055,0.8684152364730835,0,0.24807818233966827,-0.8625807762145996,0.4409213662147522,0,0,0.15738700330257416,0,1,0.9463150501251221,0.3230170011520386,0.012198171578347683,0,-0.32323598861694336,0.9459220170974731,0.027396973222494125,0,-0.0026888290885835886,-0.029869025573134422,0.9995499849319458,0,0,0.3126789927482605,0,1,0.9417800307273865,0.1168479472398758,0.31527283787727356,0,-0.10234105587005615,0.9927999973297119,-0.062244098633527756,0,-0.3202761113643646,0.026354901492595673,0.9469579458236694,0,0,0.231781005859375,0,1,0.9534990191459656,0.027603240683674812,-0.3001289665699005,0,0.0412682369351387,0.9744609594345093,0.22073012590408325,0,0.29855701327323914,-0.22285188734531403,0.928009033203125,0,-0.03511900082230568,0.05730300024151802,0.01387299969792366,1,0.9838799834251404,-0.1786419004201889,0.008243028074502945,0,0.17827309668064117,0.9834039211273193,0.03370290994644165,0,-0.014126972295343876,-0.0316900908946991,0.9993979930877686,0,-0.00547399977222085,0.05462599918246269,0,1,0.7954590916633606,0.5929871201515198,-0.1249505952000618,0,-0.605117917060852,0.7660521268844604,-0.21678592264652252,0,-0.03283258154988289,0.2480541318655014,0.9681900143623352,0,-0.0018390000332146883,0.050498999655246735,0,1,0.9663359522819519,-0.2562549412250519,-0.022971373051404953,0,0.25530603528022766,0.9440370798110962,0.20883572101593018,0,-0.03182937204837799,-0.20767030119895935,0.9776809215545654,0,-0.028738999739289284,0.14463800191879272,-0.0027860000263899565,1,0.999770998954773,-0.021290993317961693,-0.002000087173655629,0,0.021311011165380478,0.9841980338096619,0.1757817566394806,0,-0.001774087082594633,-0.17578423023223877,0.9844269156455994,0,0.000097999996796716,0.04043300077319145,0,1,0.9999839663505554,-0.005704193841665983,-0.0006680832011625171,0,0.005732806399464607,0.9844110012054443,0.17579206824302673,0,-0.0003450832737144083,-0.17579291760921478,0.9844269752502441,0,-0.0002010000025620684,0.04147600010037422,0,1,0.9647230505943298,-0.26131471991539,-0.03201621025800705,0,0.26230722665786743,0.9436819553375244,0.2016431987285614,0,-0.022479206323623657,-0.202927827835083,0.9789360165596008,0,0.028738999739289284,0.14042800664901733,-0.002948000095784664,1,0.9988530278205872,-0.04522869363427162,-0.01574791595339775,0,0.046558305621147156,0.8399859666824341,0.5406069755554199,0,-0.011222914792597294,-0.5407199263572693,0.8411279916763306,0,-0.000009999999747378752,0.04600200057029724,0,1,0.9999290108680725,-0.011836991645395756,-0.0013392220716923475,0,0.011319008655846119,0.9090450406074524,0.4165448844432831,0,-0.0037132224533706903,-0.41653019189834595,0.9091139435768127,0,-0.00028300000121816993,0.03973200172185898,0,1,0.08578021079301834,-0.00587974488735199,0.9962969422340393,0,-0.8852601051330566,-0.4592507481575012,0.07350968569517136,0,0.4571177065372467,-0.8882871270179749,-0.04459964856505394,0,-0.076044000685215,0.13965000212192535,-0.0014669999945908785,1,0.9887089133262634,0.14193035662174225,0.04806413874030113,0,-0.1186596155166626,0.5456768870353699,0.8295520544052124,0,0.09151113778352737,-0.8258888721466064,0.5563570857048035,0,0,0.15738700330257416,0,1,0.9742739796638489,-0.2251427173614502,-0.010059244930744171,0,0.2252962738275528,0.974116861820221,0.018388884142041206,0,0.005658753681927919,-0.020182112231850624,0.999779999256134,0,0,0.31268298625946045,0,1,0.9571981430053711,-0.2885597050189972,0.022462235763669014,0,0.2841263711452484,0.922022819519043,-0.26295745372772217,0,0.055168237537145615,0.2580845355987549,0.9645462036132812,0,0,0.23177799582481384,0,1,0.9442099332809448,-0.16281484067440033,0.28628313541412354,0,-0.00808586087077856,0.8575332760810852,0.5143645405769348,0,-0.32924383878707886,-0.48798343539237976,0.8083757758140564,0,0.03305700048804283,0.05590000003576279,0.012753999792039394,1,0.965196967124939,0.2610340416431427,-0.01600891910493374,0,-0.2608289420604706,0.9652860164642334,0.013817746192216873,0,0.019060080870985985,-0.009161253459751606,0.9997760057449341,0,0.004586999770253897,0.052747998386621475,0,1,0.9819629192352295,-0.1881072074174881,0.019084252417087555,0,0.18650077283382416,0.9470660090446472,-0.26131001114845276,0,0.031080253422260284,0.2601560056209564,0.9650660157203674,0,0.003664999967440963,0.051580000668764114,0,1,0.9467970132827759,0.3136559724807739,0.07208040356636047,0,-0.20418603718280792,0.4123149514198303,0.8878650665283203,0,0.24876441061496735,-0.8553460240364075,0.45442286133766174,0,0.027382999658584595,0.14757899940013885,-0.0023690001107752323,1,0.9905320405960083,0.10493190586566925,0.08851472288370132,0,-0.10500609874725342,0.1638106405735016,0.9808871150016785,0,0.08842671662569046,-0.9808949828147888,0.17327822744846344,0,-0.00014800000644754618,0.041398998349905014,0,1,0.9913020133972168,0.09956105053424835,0.08606898784637451,0,-0.10171294212341309,0.1645769625902176,0.9811059236526489,0,0.0835149958729744,-0.9813269972801208,0.17327217757701874,0,0.00014400000509340316,0.03982799872756004,0,1,0.9512059092521667,0.29616937041282654,0.08654738962650299,0,-0.20867961645126343,0.41087111830711365,0.8874890208244324,0,0.22728736698627472,-0.8622459769248962,0.4526278078556061,0,-0.027382999658584595,0.14722800254821777,-0.004881000146269798,1,0.994905948638916,0.07717001438140869,0.06486617773771286,0,-0.07688798755407333,0.16471099853515625,0.9833409190177917,0,0.06520017981529236,-0.9833179116249084,0.16980519890785217,0,0.00005700000110664405,0.04306799918413162,0,1,0.9943060278892517,0.08246710896492004,0.06749002635478973,0,-0.08034490048885345,0.16410893201828003,0.9831649661064148,0,0.07000303268432617,-0.9829888939857483,0.16980023682117462,0,-0.00007999999797903001,0.03794199973344803,0,1,-0.9943320751190186,-0.01322182733565569,0.10549318790435791,0,0.009930172003805637,-0.9994490742683411,-0.03166702017188072,0,0.10585382580757141,-0.030439984053373337,0.9939160346984863,0,0.1005840003490448,-0.05985099822282791,-0.011447000317275524,1,0.9972950220108032,-0.06330399960279465,-0.037358999252319336,0,0.056345999240875244,0.9847649335861206,-0.1645110845565796,0,0.047203995287418365,0.1619608849287033,0.9856670498847961,0,0,0.3991200029850006,0,1,0.9970550537109375,0.02934892289340496,-0.07085590809583664,0,0.0512729212641716,0.4319849908351898,0.9004219770431519,0,0.057035092264413834,-0.9014030694961548,0.4292079210281372,0,0,0.35965201258659363,0,1,0.9981300234794617,-0.0012937799328938127,0.06110883131623268,0,-0.028395777568221092,0.8755220770835876,0.4823428988456726,0,-0.05412616580724716,-0.483176052570343,0.8738479614257812,0,0,0.17422999441623688,0,1,-0.9518409967422485,0.13672830164432526,-0.2744167745113373,0,-0.14379370212554932,-0.9895910024642944,0.005698006600141525,0,-0.2707812786102295,0.04488299414515495,0.9615939259529114,0,-0.1005840003490448,-0.05985099822282791,-0.008856999687850475,1,0.9923449754714966,0.06544104963541031,0.1047319620847702,0,-0.04114094749093056,0.9747939705848694,-0.21927909553050995,0,-0.11644203960895538,0.21329191327095032,0.9700250029563904,0,0,0.3993130028247833,0,1,0.9964900612831116,0.04820328950881958,0.06844697147607803,0,-0.0826457142829895,0.4360457956790924,0.8961212038993835,0,0.013349977321922779,-0.8986329436302185,0.43849921226501465,0,0,0.3595989942550659,0,1,0.9980789422988892,0.0014306848170235753,-0.061940085142850876,0,0.029252687469124794,0.870401918888092,0.4914711117744446,0,0.05461591109633446,-0.4923389256000519,0.8686880469322205,0,0,0.17214900255203247,0,1
K0.033,0.999396026134491,0.018361009657382965,-0.029491806402802467,0,-0.02089094929397106,0.9959099292755127,-0.0879029780626297,0,0.027757195755839348,0.08846600353717804,0.9956920146942139,0,-0.002029000548645854,0.9188039898872375,0.007575002498924732,1,0.9970089793205261,-0.06637018918991089,0.0395922027528286,0,0.06548374891281128,0.9975820779800415,0.023283131420612335,0,-0.04104180261492729,-0.020620856434106827,0.9989449977874756,0,0,0.10767500102519989,-0.008550000376999378,1,0.9998970031738281,0.0036601810716092587,0.013843009248375893,0,-0.004729811102151871,0.9969390034675598,0.07804276794195175,0,-0.013514989987015724,-0.07810023427009583,0.9968540072441101,0,0,0.12601600587368011,0,1,0.999871015548706,0.0039499010890722275,0.015583042986690998,0,-0.004246089607477188,0.999809980392456,0.019020142033696175,0,-0.015504958108067513,-0.019083859398961067,0.9996980428695679,0,0,0.1440179944038391,0,1,0.9979329705238342,0.05900402367115021,-0.025441808626055717,0,-0.059368979185819626,0.9981399774551392,-0.013835065066814423,0,0.024578189477324486,0.015316939912736416,0.9995809197425842,0,0,0.1620199978351593,0,1,0.999422013759613,-0.0192969162017107,0.02796994149684906,0,0.01769809052348137,0.9982559680938721,0.05632476508617401,0,-0.02900807000696659,-0.05579722300171852,0.9980210065841675,0,0,0.0779459998011589,0.01733499951660633,1,0.026643509045243263,0.013250457122921944,-0.9995570182800293,0,0.9433358907699585,-0.3311913311481476,0.020754555240273476,0,-0.3307695984840393,-0.9434708952903748,-0.021323759108781815,0,0.076044000685215,0.13969899713993073,-0.0020810000132769346,1,0.9607100486755371,0.1608927994966507,-0.22616519033908844,0,0.12440479546785355,0.4787989854812622,0.8690650463104248,0,0.24811385571956635,-0.8630550503730774,0.4399709403514862,0,0,0.15738700330257416,0,1,0.9476191401481628,0.3191736936569214,0.012087012641131878,0,-0.3193902373313904,0.947236955165863,0.02707076445221901,0,-0.0028089869301766157,-0.029513223096728325,0.9995599389076233,0,0,0.3126789927482605,0,1,0.9417239427566528,0.12032309919595718,0.31413114070892334,0,-0.10602196305990219,0.9924110174179077,-0.062287840992212296,0,-0.31924182176589966,0.025353148579597473,0.9473339915275574,0,0,0.231781005859375,0,1,0.9535029530525208,0.027441952377557755,-0.30013012886047363,0,0.0414169542491436,0.9744669198989868,0.2206791639328003,0,0.29852294921875,-0.2228488326072693,0.9280211329460144,0,-0.03511900082230568,0.05730300024151802,0.01387299969792366,1,0.9838510155677795,-0.1787990927696228,0.008280081674456596,0,0.17842891812324524,0.9833750128746033,0.03370535001158714,0,-0.014168919064104557,-0.031683653593063354,0.9993979930877686,0,-0.00547399977222085,0.05462599918246269,0,1,0.7955760955810547,0.5928377509117126,-0.12490936368703842,0,-0.6049633026123047,0.7661657929420471,-0.21681593358516693,0,-0.03283536806702614,0.24805907905101776,0.9681879281997681,0,-0.0018390000332146883,0.050498999655246735,0,1,0.9663330316543579,-0.2562677264213562,-0.02297327294945717,0,0.25531330704689026,0.9439979195594788,0.20900405943393707,0,-0.03187427669763565,-0.207832932472229,0.9776449799537659,0,-0.028738999739289284,0.14463800191879272,-0.0027860000263899565,1,0.999770998954773,-0.02130497805774212,-0.0020031763706356287,0,0.021325021982192993,0.9841679930686951,0.175951287150383,0,-0.0017771766288205981,-0.17595374584197998,0.9843970537185669,0,0.000097999996796716,0.04043300077319145,0,1,0.999983012676239,-0.005717633757740259,-0.0006702780956402421,0,0.005746365524828434,0.9843800067901611,0.17596198618412018,0,-0.0003462781314738095,-0.17596299946308136,0.9843969941139221,0,-0.0002010000025620684,0.04147600010037422,0,1,0.9647188782691956,-0.2613264322280884,-0.03201915696263313,0,0.2623155117034912,0.9436431527137756,0.20181193947792053,0,-0.0225241556763649,-0.20309105515480042,0.9789010286331177,0,0.028738999739289284,0.14042800664901733,-0.002948000095784664,1,0.9988519549369812,-0.045238323509693146,-0.015755660831928253,0,0.046568676829338074,0.8398919701576233,0.5407521724700928,0,-0.011229663155972958,-0.540864884853363,0.8410341143608093,0,-0.000009999999747378752,0.04600200057029724,0,1,0.9999290108680725,-0.011849100701510906,-0.0013428922975435853,0,0.01133089978247881,0.9089727997779846,0.4167022705078125,0,-0.0037168923299759626,-0.4166876971721649,0.9090421199798584,0,-0.00028300000121816993,0.03973200172185898,0,1,0.08595627546310425,-0.0049087246879935265,0.996286928653717,0,-0.8855910897254944,-0.4585077464580536,0.07414673268795013,0,0.4564417600631714,-0.8886771202087402,-0.043758783489465714,0,-0.076044000685215,0.13965000212192535,-0.0014669999945908785,1,0.9887449145317078,0.14156726002693176,0.048396117985248566,0,-0.11865473538637161,0.5449679493904114,0.8300181031227112,0,0.09112910181283951,-0.8264188766479492,0.5556321144104004,0,0,0.15738700330257416,0,1,0.974141001701355,-0.22571703791618347,-0.010070170275866985,0,0.2258710265159607,0.9739829897880554,0.018436098471283913,0,0.005646829027682543,-0.02023390494287014,0.9997789859771729,0,0,0.31268298625946045,0,1,0.9573279619216919,-0.2882879972457886,0.02034464292228222,0,0.28333497047424316,0.9223420023918152,-0.26269006729125977,0,0.05696569010615349,0.2572449743747711,0.9646660685539246,0,0,0.23177799582481384,0,1,0.9442101120948792,-0.16281473636627197,0.2862827181816101,0,-0.00808573979884386,0.8575332164764404,0.5143646001815796,0,-0.3292433023452759,-0.48798343539237976,0.8083757162094116,0,0.03305700048804283,0.05590000003576279,0.012753999792039394,1,0.965196967124939,0.2610340416431427,-0.01600891910493374,0,-0.2608289420604706,0.9652860164642334,0.013817746192216873,0,0.019060080870985985,-0.009161253459751606,0.9997760057449341,0,0.004586999770253897,0.052747998386621475,0,1,0.9819629192352295,-0.18810726702213287,0.01908375322818756,0,0.18650071322917938,0.9470660090446472,-0.26131004095077515,0,0.031080754473805428,0.26015594601631165,0.9650660753250122,0,0.003664999967440963,0.051580000668764114,0,1,0.9467970132827759,0.3136559724807739,0.07208040356636047,0,-0.20418603718280792,0.4123149514198303,0.8878650665283203,0,0.24876441061496735,-0.8553460240364075,0.45442286133766174,0,0.027382999658584595,0.14757899940013885,-0.0023690001107752323,1,0.9905320405960083,0.10493148118257523,0.08851517736911774,0,-0.10500652343034744,0.1638111025094986,0.9808869957923889,0,0.08842618018388748,-0.9808951020240784,0.17327871918678284,0,-0.00014800000644754618,0.041398998349905014,0,1,0.9913020133972168,0.09956106543540955,0.08606909215450287,0,-0.10171294957399368,0.16457585990428925,0.9811060428619385,0,0.08351508527994156,-0.9813269972801208,0.1732710599899292,0,0.00014400000509340316,0.03982799872756004,0,1,0.9512059092521667,0.2961692810058594,0.0865473523736,0,-0.20867972075939178,0.41087135672569275,0.8874898552894592,0,0.22728735208511353,-0.8622460961341858,0.45262768864631653,0,-0.027382999658584595,0.14722800254821777,-0.004881000146269798,1,0.994905948638916,0.07717005163431168,0.06486620754003525,0,-0.07688795030117035,0.1647108495235443,0.9833400845527649,0,0.06520020961761475,-0.9833179712295532,0.16980519890785217,0,0.00005700000110664405,0.04306799918413162,0,1,0.9943060278892517,0.08246710896492004,0.06749002635478973,0,-0.08034490048885345,0.16410893201828003,0.9831649661064148,0,0.07000303268432617,-0.9829888939857483,0.16980023682117462,0,-0.00007999999797903001,0.03794199973344803,0,1,-0.9943370223045349,-0.01522183045744896,0.10517831146717072,0,0.012404220178723335,-0.999548077583313,-0.027391348034143448,0,0.10554768145084381,-0.02593156509101391,0.9940760731697083,0,0.1005840003490448,-0.05985099822282791,-0.011447000317275524,1,0.9973040223121643,-0.063570037484169,-0.03666466474533081,0,0.05632796883583069,0.9833469390869141,-0.17279016971588135,0,0.047038331627845764,0.17025895416736603,0.9842759370803833,0,0,0.3991200029850006,0,1,0.9970340132713318,0.029496189206838608,-0.07108379900455475,0,0.051681194454431534,0.4277878999710083,0.9024000763893127,0,0.05702619627118111,-0.9033979773521423,0.4249950349330902,0,0,0.35965201258659363,0,1,0.9981300234794617,-0.0012937799328938127,0.06110883131623268,0,-0.028395777568221092,0.8755220770835876,0.4823428988456726,0,-0.05412616580724716,-0.483176052570343,0.8738479614257812,0,0,0.17422999441623688,0,1,-0.9521328806877136,0.13488204777240753,-0.2743159234523773,0,-0.14138588309288025,-0.9899469614028931,0.00398107897490263,0,-0.2710210680961609,0.04257488623261452,0.9616309404373169,0,-0.1005840003490448,-0.05985099822282791,-0.008856999687850475,1,0.9923980236053467,0.06508176773786545,0.10445458441972733,0,-0.04140821471810341,0.9758259057998657,-0.21459130942821503,0,-0.11589539796113968,0.20863458514213562,0.9711019992828369,0,0,0.3993130028247833,0,1,0.9964680671691895,0.048543814569711685,0.06851687282323837,0,-0.08289118111133575,0.43824395537376404,0.8950260281562805,0,0.013420866802334785,-0.8975440859794617,0.4407198429107666,0,0,0.3595989942550659,0,1,0.9980789422988892,0.001430185278877616,-0.06194021552801132,0,0.029253186658024788,0.870401918888092,0.4914711117744446,0,0.05461578071117401,-0.49233895540237427,0.8686880469322205,0,0,0.17214900255203247,0,1
K0.067,0.9994270205497742,0.01644974946975708,-0.029570264741778374,0,-0.01896928809583187,0.9960229396820068,-0.0870499536395073,0,0.02802073210477829,0.08756106346845627,0.995764970779419,0,-0.002084999578073621,0.918811023235321,0.007798997685313225,1,0.9971799850463867,-0.06357207149267197,0.03987007960677147,0,0.06270597875118256,0.9977759718894958,0.02261193096637726,0,-0.04121891409158707,-0.020048081874847412,0.9989489912986755,0,0,0.10767500102519989,-0.008550000376999378,1,0.9998999238014221,0.003226703964173794,0.013773996382951736,0,-0.004292304627597332,0.9969400763511658,0.07804885506629944,0,-0.013480006717145443,-0.07810015231370926,0.9968540072441101,0,0,0.12601600587368011,0,1,0.9998719692230225,0.0035059910733252764,0.015619824640452862,0,-0.0038030175492167473,0.9998119473457336,0.019027018919587135,0,-0.015550175681710243,-0.019083980470895767,0.9996970891952515,0,0,0.1440179944038391,0,1,0.9979360103607178,0.058948222547769547,-0.025456048548221588,0,-0.05931977182626724,0.9981400370597839,-0.014093014411628246,0,0.024577951058745384,0.015573978424072266,0.999576985836029,0,0,0.1620199978351593,0,1,0.9994010329246521,-0.019624261185526848,0.0285087451338768,0,0.018004732206463814,0.9982690811157227,0.05599493160843849,0,-0.029558243229985237,-0.05544807389378548,0.9980239868164062,0,0,0.0779459998011589,0.01733499951660633,1,0.02700008451938629,0.012382740154862404,-0.9995589852333069,0,0.9434771537780762,-0.3307477831840515,0.021387871354818344,0,-0.33033689856529236,-0.9436381459236145,-0.02061309665441513,0,0.076044000685215,0.13969899713993073,-0.0020810000132769346,1,0.9606419801712036,0.16182011365890503,-0.22578996419906616,0,0.12393313646316528,0.47777411341667175,0.8696969151496887,0,0.24861101806163788,-0.8634500503540039,0.4389148950576782,0,0,0.15738700330257416,0,1,0.9489070177078247,0.3153270483016968,0.011978426948189735,0,-0.31554099917411804,0.9485349655151367,0.026744885370135307,0,-0.0029285738710314035,-0.02915811911225319,0.9995710253715515,0,0,0.3126789927482605,0,1,0.9415820240974426,0.12362069636583328,0.3132740259170532,0,-0.1095312237739563,0.9920319318771362,-0.06225556507706642,0,-0.3184739947319031,0.0243054386228323,0.9476199746131897,0,0,0.231781005859375,0,1,0.9535080194473267,0.02726183459162712,-0.3001309633255005,0,0.041582830250263214,0.9744730591773987,0.2206219732761383,0,0.29848402738571167,-0.22284504771232605,0.9280340075492859,0,-0.03511900082230568,0.05730300024151802,0.01387299969792366,1,0.9838199615478516,-0.1789662390947342,0.008319973014295101,0,0.17859478294849396,0.9833450317382812,0.033708151429891586,0,-0.014214025810360909,-0.031676847487688065,0.9993969798088074,0,-0.00547399977222085,0.05462599918246269,0,1,0.7957019805908203,0.5926781296730042,-0.12486553937196732,0,-0.6047978401184082,0.7662880420684814,-0.21684704720973969,0,-0.032837528735399246,0.24806393682956696,0.9681869745254517,0,-0.0018390000332146883,0.050498999655246735,0,1,0.9663300514221191,-0.256278932094574,-0.02297583781182766,0,0.25532007217407227,0.9439640045166016,0.20914790034294128,0,-0.03191183879971504,-0.20797209441661835,0.9776139855384827,0,-0.028738999739289284,0.14463800191879272,-0.0027860000263899565,1,0.999770998954773,-0.021316468715667725,-0.0020057843066751957,0,0.02133653126657009,0.9841420650482178,0.1760968416929245,0,-0.0017797845648601651,-0.17609919607639313,0.9843709468841553,0,0.000097999996796716,0.04043300077319145,0,1,0.999983012676239,-0.005729122553020716,-0.0006717243231832981,0,0.005757878068834543,0.9843540191650391,0.1761070042848587,0,-0.0003477243008092046,-0.17610801756381989,0.9843710064888,0,-0.0002010000025620684,0.04147600010037422,0,1,0.9647169709205627,-0.26133596897125244,-0.03202199563384056,0,0.2623220384120941,0.9436110258102417,0.20195583999156952,0,-0.022561997175216675,-0.2032301425933838,0.9788709282875061,0,0.028738999739289284,0.14042800664901733,-0.002948000095784664,1,0.9988510012626648,-0.04524683207273483,-0.01576298661530018,0,0.046578168869018555,0.8398119211196899,0.5408759713172913,0,-0.01123498659580946,-0.5409890413284302,0.8409550189971924,0,-0.000009999999747378752,0.04600200057029724,0,1,0.9999290108680725,-0.011859412305057049,-0.0013449689140543342,0,0.01134058739989996,0.9089111089706421,0.4168356955051422,0,-0.003720968496054411,-0.41682127118110657,0.9089808464050293,0,-0.00028300000121816993,0.03973200172185898,0,1,0.08630309253931046,-0.003927476238459349,0.9962610006332397,0,-0.885850191116333,-0.4578796923160553,0.07493346184492111,0,0.4558735191822052,-0.8890052437782288,-0.04299558699131012,0,-0.076044000685215,0.13965000212192535,-0.0014669999945908785,1,0.9887199997901917,0.141382098197937,0.04943287372589111,0,-0.11934790760278702,0.544303834438324,0.830355167388916,0,0.09049088507890701,-0.826888918876648,0.5550381541252136,0,0,0.15738700330257416,0,1,0.9736279845237732,-0.22791878879070282,-0.010112104006111622,0,0.22807419300079346,0.9734659194946289,0.018615810200572014,0,0.00560089573264122,-0.02043118327856064,0.9997760653495789,0,0,0.31268298625946045,0,1,0.9576839804649353,-0.2872719168663025,0.01780305989086628,0,0.28168705105781555,0.9227690100669861,-0.26296383142471313,0,0.059114016592502594,0.2568511366844177,0.9646419286727905,0,0,0.23177799582481384,0,1,0.9442110657691956,-0.1628149300813675,0.2862829267978668,0,-0.008085906505584717,0.8575329184532166,0.5143651366233826,0,-0.32924312353134155,-0.4879838526248932,0.8083750605583191,0,0.03305700048804283,0.05590000003576279,0.012753999792039394,1,0.965196967124939,0.2610340416431427,-0.016008419916033745,0,-0.2608289420604706,0.9652860164642334,0.0138176791369915,0,0.01905957981944084,-0.009161319583654404,0.9997760057449341,0,0.004586999770253897,0.052747998386621475,0,1,0.981963038444519,-0.18810679018497467,0.019083691760897636,0,0.1865002065896988,0.9470659494400024,-0.26131004095077515,0,0.031080693006515503,0.2601560056209564,0.9650660753250122,0,0.003664999967440963,0.051580000668764114,0,1,0.9467970132827759,0.3136559724807739,0.07208040356636047,0,-0.20418603718280792,0.4123149514198303,0.8878650665283203,0,0.24876441061496735,-0.8553460240364075,0.45442286133766174,0,0.027382999658584595,0.14757899940013885,-0.0023690001107752323,1,0.9905319809913635,0.10493198037147522,0.08851559460163116,0,-0.10500703006982803,0.16381117701530457,0.9808869957923889,0,0.08842659741640091,-0.9808949828147888,0.17327886819839478,0,-0.00014800000644754618,0.041398998349905014,0,1,0.9913020133972168,0.09956106543540955,0.08606909215450287,0,-0.10171294957399368,0.16457585990428925,0.9811060428619385,0,0.08351508527994156,-0.9813269972801208,0.1732710599899292,0,0.00014400000509340316,0.03982799872756004,0,1,0.9512059092521667,0.29616937041282654,0.08654738962650299,0,-0.20867961645126343,0.41087111830711365,0.8874890208244324,0,0.22728736698627472,-0.8622459769248962,0.4526278078556061,0,-0.027382999658584595,0.14722800254821777,-0.004881000146269798,1,0.994905948638916,0.07717001438140869,0.06486617773771286,0,-0.07688798755407333,0.16471099853515625,0.9833409190177917,0,0.06520017981529236,-0.9833179116249084,0.16980519890785217,0,0.00005700000110664405,0.04306799918413162,0,1,0.9943060278892517,0.08246666938066483,0.06749052554368973,0,-0.08034531772136688,0.1641087830066681,0.9831650257110596,0,0.07000252604484558,-0.9829889535903931,0.16980008780956268,0,-0.00007999999797903001,0.03794199973344803,0,1,-0.9943361878395081,-0.017359163612127304,0.1048586294054985,0,0.015017791651189327,-0.9996210932731628,-0.023077281191945076,0,0.10521938651800156,-0.021371809765696526,0.9942190051078796,0,0.1005840003490448,-0.05985099822282791,-0.011447000317275524,1,0.9972910284996033,-0.06400191783905029,-0.036257967352867126,0,0.05646107345819473,0.9819750785827637,-0.18037879467010498,0,0.04714903235435486,0.17784306406974792,0.9829289317131042,0,0,0.3991200029850006,0,1,0.9970139861106873,0.029620090499520302,-0.07131251692771912,0,0.05208508297801018,0.4238361418247223,0.9042398929595947,0,0.05700848251581192,-0.905254065990448,0.4210277795791626,0,0,0.35965201258659363,0,1,0.9981300234794617,-0.0012937799328938127,0.06110883131623268,0,-0.028395777568221092,0.8755220770835876,0.4823428988456726,0,-0.05412616580724716,-0.483176052570343,0.8738479614257812,0,0,0.17422999441623688,0,1,-0.9525131583213806,0.13237182796001434,-0.27422094345092773,0,-0.1384202539920807,-0.9903700351715088,0.0027350932359695435,0,-0.27121806144714355,0.040562935173511505,0.9616629481315613,0,-0.1005840003490448,-0.05985099822282791,-0.008856999687850475,1,0.9924399256706238,0.06481719017028809,0.1042160615324974,0,-0.041674815118312836,0.9766870141029358,-0.21058520674705505,0,-0.11543596535921097,0.2046498954296112,0.9720039963722229,0,0,0.3993130028247833,0,1,0.9964830875396729,0.04821301996707916,0.0685378685593605,0,-0.08278798311948776,0.4398839473724365,0.8942310810089111,0,0.01296487171202898,-0.8967599272727966,0.44232818484306335,0,0,0.3595989942550659,0,1,0.9980789422988892,0.001430185278877616,-0.06194021552801132,0,0.029253186658024788,0.870401918888092,0.4914711117744446,0,0.05461578071117401,-0.49233895540237427,0.8686880469322205,0,0,0.17214900255203247,0,1
