13.267,30,398,49
B0,mixamorig_Hips,-1,0.9979539513587952,-0.05970244109630585,0.022874267771840096,0,0.06257553398609161,0.98546302318573,-0.15794843435287476,0,-0.013111828826367855,0.15905655920505524,0.987182080745697,0,-5.672682762145996,82.54012298583984,5.278293132781982,1
B1,mixamorig_Spine,0,0.998583972454071,0.05306098237633705,0.0037710422184318304,0,-0.052801020443439484,0.9973080158233643,-0.050886597484350204,0,-0.006460980046540499,0.050615400075912476,0.9986969828605652,0,0,11.676307678222656,-0.8202729821205139,1
B2,mixamorig_Spine1,1,0.9998869895935059,0.014920218847692013,0.0018091433448716998,0,-0.014900782145559788,0.9998360276222229,-0.010322564281523228,0,-0.0019628608133643866,0.010294435545802116,0.9999449849128723,0,0,13.655925750732422,0,1
B3,mixamorig_Spine2,2,0.9998869895935059,0.014927834272384644,0.0017351232236251235,0,-0.014909166842699051,0.9998360872268677,-0.01031902153044939,0,-0.0018888781778514385,0.010291979648172855,0.9999449849128723,0,0,15.606775283813477,0,1
B4,mixamorig_Neck,3,0.9933220148086548,0.11530596762895584,0.0039121233858168125,0,-0.11390504240989685,0.9855160117149353,-0.12563477456569672,0,-0.018341906368732452,0.12435021251440048,0.9920689463615417,0,0,17.557615280151367,0,1
B5,mixamorig_Head,4,0.9783469438552856,0.17675238847732544,-0.10768303275108337,0,-0.20308968424797058,0.7195460200309753,-0.6640851497650146,0,-0.03989573195576668,0.6715749502182007,0.7398621439933777,0,0,5.377747058868408,1.3819830417633057,1
B6,mixamorig_HeadTop_End,5,1,0,0,0,0,1,0,0,0,0,1,0,0,32.50946044921875,8.35433578491211,1
B7,mixamorig_LeftShoulder,3,-0.12819033861160278,-0.015333207324147224,-0.9916308522224426,0,0.951557993888855,-0.2836659848690033,-0.11862384527921677,0,-0.2794729173183441,-0.9587999582290649,0.0509537011384964,0,6.873685836791992,15.419537544250488,-0.11309400200843811,1
B8,mixamorig_LeftArm,7,0.7575870156288147,0.6109319925308228,-0.22983300685882568,0,-0.05712786316871643,0.4128158390522003,0.9090210795402527,0,0.6502289175987244,-0.675532877445221,0.34764525294303894,0,0,14.69379711151123,0,1
B9,mixamorig_LeftForeArm,8,0.9885860085487366,0.15045712888240814,0.007761590648442507,0,-0.15053586661815643,0.9885450005531311,0.010822094045579433,0,-0.006044420413672924,-0.011866969056427479,0.9999110102653503,0,0,32.34225082397461,0,1
B10,mixamorig_LeftHand,9,0.983212947845459,0.13942629098892212,0.11769511550664902,0,-0.15592068433761597,0.9770560264587402,0.14508619904518127,0,-0.09476594626903534,-0.1610018014907837,0.9823940396308899,0,0,24.952882766723633,0,1
B11,mixamorig_LeftHandThumb1,10,0.9922840595245361,-0.007044226862490177,-0.12378168851137161,0,0.035367876291275024,0.9729830026626587,0.22815223038196564,0,0.1188303753733635,-0.2307698130607605,0.9657250642776489,0,-3.4152040481567383,4.910656929016113,1.5172799825668335,1
B12,mixamorig_LeftHandThumb2,11,0.9743560552597046,-0.14290586113929749,0.17380720376968384,0,0.15076708793640137,0.9880239963531494,-0.03283175453543663,0,-0.16703373193740845,0.05819419026374817,0.9842320084571838,0,-0.5002419948577881,4.911324977874756,0,1
B13,mixamorig_LeftHandThumb3,12,0.9777629971504211,-0.18855071067810059,0.09180212020874023,0,0.18311728537082672,0.9809749126434326,0.06446707248687744,0,-0.10221090912818909,-0.04622297361493111,0.9936880469322205,0,0.07902199774980545,4.840747833251953,0,1
B14,mixamorig_LeftHandThumb4,13,1,0,0,0,0,1,0,0,0,0,1,0,0.42121899127960205,3.6563680171966553,0,1
B15,mixamorig_LeftHandIndex1,10,0.9750760197639465,-0.22125807404518127,-0.01646411418914795,0,0.21099986135959625,0.9018059372901917,0.37712720036506653,0,-0.0685950294137001,-0.371201753616333,0.9260151386260986,0,-2.911531925201416,12.93659782409668,-0.3930400013923645,1
B16,mixamorig_LeftHandIndex2,15,0.9996970295906067,-0.02433312125504017,-0.003584782825782895,0,0.02446293644607067,0.9685540199279785,0.24759714305400848,0,-0.0025527558755129576,-0.24760986864566803,0.9688560366630554,0,-0.00711299991235137,4.446944236755371,0,1
B17,mixamorig_LeftHandIndex3,16,0.9999939799308777,0.0033360435627400875,0.0008929609903134406,0,-0.003400959772989154,0.9962210655212402,0.08679275959730148,0,-0.0006000418215990067,-0.08679524064064026,0.9962260127067566,0,-0.01460999995470047,4.14326286315918,0,1
B18,mixamorig_LeftHandIndex4,17,1,0,0,0,0,1,0,0,0,0,1,0,0.021723000332713127,2.7876780033111572,0,1
B19,mixamorig_LeftHandMiddle1,10,0.9729000926017761,-0.22810176014900208,-0.03788482025265694,0,0.22683624923229218,0.909754753112793,0.34769442677497864,0,-0.04484381526708603,-0.34686559438705444,0.9368422031402588,0,2.911531925201416,12.737615585327148,-0.41898199915885925,1
B20,mixamorig_LeftHandMiddle2,19,0.9996609687805176,-0.025551989674568176,-0.005069810431450605,0,0.025267088785767555,0.9037169814109802,0.4273839294910431,0,-0.006338834296911955,-0.42736703157424927,0.9040560126304626,0,-0.012025999836623669,4.59902286529541,0,1
B21,mixamorig_LeftHandMiddle3,20,0.9998530149459839,-0.017086932435631752,-0.0010551274754106998,0,0.017088046297430992,0.9923859238624573,0.12197794765233994,0,-0.0010371352545917034,-0.1219780445098877,0.9925320148468018,0,0.019836999475955963,4.063298225402832,0,1
B22,mixamorig_LeftHandMiddle4,21,1,0,0,0,0,1,0,0,0,0,1,0,-0.007811000104993582,2.6376280784606934,0,1
B23,mixamorig_RightShoulder,3,-0.09754019975662231,-0.0030550623778253794,0.995227038860321,0,-0.9382390975952148,-0.33326199650764465,-0.09297792613506317,0,0.33195504546165466,-0.9428289532661438,0.02964000776410103,0,-6.873685836791992,15.424725532531738,-0.18694600462913513,1
B24,mixamorig_RightArm,23,0.9675189256668091,-0.2408333122730255,0.07684966921806335,0,0.05673450604081154,0.5031028985977173,0.8623621463775635,0,-0.24634888768196106,-0.82999187707901,0.5004252791404724,0,0,14.69379711151123,0,1
B25,mixamorig_RightForeArm,24,0.9946239590644836,-0.10334325581789017,-0.0066418335773050785,0,0.10339474678039551,0.9946090579032898,0.007942999713122845,0,0.005785166285932064,-0.008587018586695194,0.9999459981918335,0,0,32.34169006347656,0,1
B26,mixamorig_RightHand,25,0.934826135635376,-0.21340681612491608,0.28382667899131775,0,0.16043120622634888,0.9668660163879395,0.19857370853424072,0,-0.3167993724346161,-0.1400972455739975,0.9380888342857361,0,0,24.9475154876709,0,1
B27,mixamorig_RightHandThumb1,26,0.9819620251655579,-0.1458117961883545,0.12037111818790436,0,0.10865619778633118,0.9561789631843567,0.2718750834465027,0,-0.15473893284797668,-0.2538919746875763,0.9547749757766724,0,3.3377420902252197,5.0494771003723145,1.3179579973220825,1
B28,mixamorig_RightHandThumb2,27,0.9369450807571411,0.24732175469398499,-0.24691081047058105,0,-0.2266661673784256,0.9678188562393188,0.10930628329515457,0,0.26599910855293274,-0.046447720378637314,0.9628539681434631,0,0.36293599009513855,4.942481994628906,0,1
B29,mixamorig_RightHandThumb3,28,0.9908810257911682,0.08209512382745743,-0.10683798789978027,0,-0.09489189088344574,0.9881309866905212,-0.12079821527004242,0,0.09565304219722748,0.12983480095863342,0.9869110584259033,0,-0.06485500186681747,4.9412522315979,0,1
B30,mixamorig_RightHandThumb4,29,1,0,0,0,0,1,0,0,0,0,1,0,-0.29808101058006287,3.6760098934173584,0,1
B31,mixamorig_RightHandIndex1,26,0.9829070568084717,0.183872789144516,-0.009181147441267967,0,-0.1590142697095871,0.873042106628418,0.46098971366882324,0,0.0927790179848671,-0.4516502320766449,0.8873578310012817,0,2.606579065322876,13.438458442687988,-0.2508409917354584,1
B32,mixamorig_RightHandIndex2,31,0.9984079599380493,0.055622175335884094,0.009405085816979408,0,-0.055802807211875916,0.9493781924247742,0.30913975834846497,0,0.00826603826135397,-0.30917224287986755,0.950969934463501,0,-0.0022869999520480633,4.338406085968018,0,1
B33,mixamorig_RightHandIndex3,32,1,0.00020930902974214405,-0.00027686034445650876,0,-0.00018267934501636773,0.9956740140914917,0.09291402250528336,0,0.00029511036700569093,-0.09291397035121918,0.9956740140914917,0,0.02579200081527233,4.0062479972839355,0,1
B34,mixamorig_RightHandIndex4,33,1,0,0,0,0,1,0,0,0,0,1,0,-0.02350500039756298,2.8924570083618164,0,1
B35,mixamorig_RightHandMiddle1,26,0.9697239995002747,0.24124102294445038,0.03792009875178337,0,-0.23880094289779663,0.9042890071868896,0.3538860082626343,0,0.051081083714962006,-0.35222700238227844,0.9345190525054932,0,-2.606579065322876,13.823589324951172,-0.5587069988250732,1
B36,mixamorig_RightHandMiddle2,35,0.9980990886688232,0.05987018719315529,0.014630228281021118,0,-0.05997273698449135,0.888761043548584,0.45443177223205566,0,0.014204134233295918,-0.4544452428817749,0.8906619548797607,0,0.013856999576091766,4.376503944396973,0,1
B37,mixamorig_RightHandMiddle3,36,0.9995779991149902,0.02892734855413437,0.0027501240838319063,0,-0.028890633955597878,0.9792309999465942,0.2006770670413971,0,0.003112050238996744,-0.2006719559431076,0.97965407371521,0,-0.009448000229895115,3.8115620613098145,0,1
B38,mixamorig_RightHandMiddle4,37,1,0,0,0,0,1,0,0,0,0,1,0,-0.004408999811857939,1.8861939907073975,0,1
B39,mixamorig_LeftUpLeg,0,-0.8849459886550903,-0.3321911096572876,0.32637500762939453,0,0.33433395624160767,-0.941057026386261,-0.0513007752597332,0,0.3241790533065796,0.06371980905532837,0.9438470005989075,0,8.66544246673584,-6.4724578857421875,-1.6501820087432861,1
B40,mixamorig_LeftLeg,39,0.9983779788017273,-0.038004908710718155,0.042384807020425797,0,0.05550718307495117,0.8151929974555969,-0.576522946357727,0,-0.012641106732189655,0.5779409408569336,0.8159809708595276,0,0,37.33491897583008,0,1
B41,mixamorig_LeftFoot,40,0.9824789762496948,-0.1341080367565155,-0.12942321598529816,0,0.14346984028816223,0.10096424072980881,0.9844909906387329,0,-0.11896104365587234,-0.9858100414276123,0.11843571066856384,0,0,33.67802429199219,0,1
B42,mixamorig_LeftToeBase,41,0.995185911655426,1.557003486141184e-7,0.09800133854150772,0,-0.04941567778587341,0.863568127155304,0.5018059015274048,0,-0.08463077992200851,-0.5042331218719482,0.8594110012054443,0,0,17.338153839111328,-9.999999974752427e-7,1
B43,mixamorig_LeftToe_End,42,1,0,0,0,0,1,0,0,0,0,1,0,0,6.875532150268555,0,1
B44,mixamorig_RightUpLeg,0,-0.9625650644302368,0.13190172612667084,-0.23679201304912567,0,-0.11261234432458878,-0.9892510175704956,-0.09327679872512817,0,-0.2465500384569168,-0.06311926245689392,0.9670719504356384,0,-8.66544246673584,-6.4724578857421875,-1.381358027458191,1
B45,mixamorig_RightLeg,44,0.9914050102233887,-0.021707922220230103,-0.12901388108730316,0,-0.04800694063305855,0.8569822311401367,-0.5131046175956726,0,0.12170109897851944,0.5148882865905762,0.8485747575759888,0,0,37.33802795410156,0,1
B46,mixamorig_RightFoot,45,0.9853399991989136,0.11118131130933762,0.12939806282520294,0,-0.14001990854740143,0.09371208399534225,0.9857040643692017,0,0.09746571630239487,-0.9893720746040344,0.10790588706731796,0,0,33.683406829833984,0,1
B47,mixamorig_RightToeBase,46,0.9955920577049255,6.514385830769243e-8,-0.09378767758607864,0,0.046953216195106506,0.8656589984893799,0.4984269440174103,0,0.08118824660778046,-0.5006340146064758,0.861844003200531,0,0,17.459775924682617,0,1
B48,mixamorig_RightToe_End,47,1,0,0,0,0,1,0,0,0,0,1,0,0,6.763524055480957,0,1
@40,0,1,2,3,4,5,7,8,9,10,11,12,13,15,16,17,19,20,21,23,24,25,26,27,28,29,31,32,33,35,36,37,39,40,41,42,44,45,46,47
K0,0.9979539513587952,-0.05970245972275734,0.022874221205711365,0,0.06257554143667221,0.98546302318573,-0.15794844925403595,0,-0.0131117794662714,0.15905655920505524,0.987182080745697,0,-5.672682762145996,82.54012298583984,5.278293132781982,1,0.998583972454071,0.05306098237633705,0.003771031042560935,0,-0.052801020443439484,0.9973080158233643,-0.0508866012096405,0,-0.006460969336330891,0.050615403801202774,0.9986969828605652,0,0,11.676307678222656,-0.8202729821205139,1,0.9998869895935059,0.014920217916369438,0.001809141249395907,0,-0.014900781214237213,0.9998360276222229,-0.010322564281523228,0,-0.0019628587178885937,0.010294435545802116,0.9999449849128723,0,0,13.655925750732422,0,1,0.9998869895935059,0.014927836135029793,0.0017351226415485144,0,-0.0149091687053442,0.9998360872268677,-0.01031902153044939,0,-0.0018888775957748294,0.010291979648172855,0.9999449849128723,0,0,15.606775283813477,0,1,0.9933220148086548,0.11530596017837524,0.003912108950316906,0,-0.11390503495931625,0.9855160117149353,-0.12563477456569672,0,-0.01834188960492611,0.12435021251440048,0.9920689463615417,0,0,17.557615280151367,0,1,0.9783469438552856,0.17675241827964783,-0.10768286138772964,0,-0.20308959484100342,0.7195460796356201,-0.6640850901603699,0,-0.039895862340927124,0.6715748906135559,0.7398621439933777,0,0,5.377747058868408,1.3819830417633057,1,-0.12819044291973114,-0.015333020128309727,-0.9916309118270874,0,0.9515580534934998,-0.28366610407829285,-0.11862393468618393,0,-0.2794730067253113,-0.9588000178337097,0.050953470170497894,0,6.873685836791992,15.419537544250488,-0.11309400200843811,1,0.7575870156288147,0.6109320521354675,-0.2298329621553421,0,-0.0571279339492321,0.41281580924987793,0.9090211391448975,0,0.6502289772033691,-0.675532877445221,0.34764525294303894,0,0,14.69379711151123,0,1,0.9885860085487366,0.15045712888240814,0.0077615827322006226,0,-0.15053586661815643,0.9885450005531311,0.010822063311934471,0,-0.0060444176197052,-0.011866936460137367,0.9999110102653503,0,0,32.34225082397461,0,1,0.983212947845459,0.13942629098892212,0.11769508570432663,0,-0.15592068433761597,0.9770560264587402,0.14508619904518127,0,-0.09476591646671295,-0.1610017865896225,0.9823940396308899,0,0,24.952882766723633,0,1,0.9922840595245361,-0.00704417796805501,-0.12378165870904922,0,0.035367824137210846,0.9729830026626587,0.22815223038196564,0,0.1188303604722023,-0.2307698130607605,0.9657250642776489,0,-3.4152040481567383,4.910656929016113,1.5172799825668335,1,0.9743560552597046,-0.14290589094161987,0.17380723357200623,0,0.15076711773872375,0.9880239367485046,-0.03283178061246872,0,-0.16703376173973083,0.058194223791360855,0.9842320084571838,0,-0.5002419948577881,4.911324977874756,0,1,0.9777629971504211,-0.18855072557926178,0.09180211275815964,0,0.18311730027198792,0.9809749126434326,0.06446705013513565,0,-0.1022108942270279,-0.046222951263189316,0.9936880469322205,0,0.07902199774980545,4.840747833251953,0,1,0.9750759601593018,-0.22125810384750366,-0.016464078798890114,0,0.21099989116191864,0.9018059372901917,0.3771272301673889,0,-0.06859508156776428,-0.371201753616333,0.9260150790214539,0,-2.911531925201416,12.93659782409668,-0.3930400013923645,1,0.9996970295906067,-0.02433309517800808,-0.0035847658291459084,0,0.024462908506393433,0.9685540199279785,0.24759714305400848,0,-0.0025527658872306347,-0.24760986864566803,0.9688560366630554,0,-0.00711299991235137,4.446944236755371,0,1,0.9999939799308777,0.003336041932925582,0.0008929595351219177,0,-0.0034009581431746483,0.9962210655212402,0.08679275959730148,0,-0.0006000405410304666,-0.08679524064064026,0.9962260127067566,0,-0.01460999995470047,4.14326286315918,0,1,0.9729000926017761,-0.22810176014900208,-0.03788481652736664,0,0.22683624923229218,0.909754753112793,0.34769442677497864,0,-0.04484381899237633,-0.34686559438705444,0.9368422031402588,0,2.911531925201416,12.737615585327148,-0.41898199915885925,1,0.9996609687805176,-0.025551948696374893,-0.0050698136910796165,0,0.02526705339550972,0.9037169814109802,0.4273839294910431,0,-0.006338813807815313,-0.42736703157424927,0.9040560126304626,0,-0.012025999836623669,4.59902286529541,0,1,0.9998530149459839,-0.017086941748857498,-0.001055132015608251,0,0.01708805561065674,0.9923859238624573,0.12197794765233994,0,-0.0010371319949626923,-0.1219780445098877,0.9925320148468018,0,0.019836999475955963,4.063298225402832,0,1,-0.09754015505313873,-0.0030551378149539232,0.995227038860321,0,-0.9382391571998596,-0.3332618474960327,-0.09297791123390198,0,0.3319549262523651,-0.9428290128707886,0.02963990531861782,0,-6.873685836791992,15.424725532531738,-0.18694600462913513,1,0.9675188064575195,-0.24083353579044342,0.07684982568025589,0,0.05673446133732796,0.5031028389930725,0.8623621463775635,0,-0.24634917080402374,-0.8299918174743652,0.5004252195358276,0,0,14.69379711151123,0,1,0.9946239590644836,-0.10334325581789017,-0.006641833111643791,0,0.10339474678039551,0.9946090579032898,0.007942990399897099,0,0.005785166751593351,-0.008587009273469448,0.9999459981918335,0,0,32.34169006347656,0,1,0.9348261952400208,-0.21340680122375488,0.28382664918899536,0,0.16043119132518768,0.9668660163879395,0.19857372343540192,0,-0.3167993426322937,-0.14009727537631989,0.9380888342857361,0,0,24.9475154876709,0,1,0.9819620847702026,-0.1458117961883545,0.12037108838558197,0,0.10865620523691177,0.9561790227890015,0.2718750536441803,0,-0.1547389030456543,-0.2538919448852539,0.9547749757766724,0,3.3377420902252197,5.0494771003723145,1.3179579973220825,1,0.9369450807571411,0.24732178449630737,-0.24691084027290344,0,-0.22666619718074799,0.9678188562393188,0.10930628329515457,0,0.2659991383552551,-0.04644770547747612,0.9628539681434631,0,0.36293599009513855,4.942481994628906,0,1,0.9908810257911682,0.08209511637687683,-0.10683797299861908,0,-0.09489188343286514,0.9881309866905212,-0.12079820036888123,0,0.09565302729606628,0.12983478605747223,0.9869110584259033,0,-0.06485500186681747,4.9412522315979,0,1,0.9829070568084717,0.1838727444410324,-0.009181072004139423,0,-0.1590142697095871,0.873042106628418,0.46098971366882324,0,0.09277892857789993,-0.4516502618789673,0.8873578906059265,0,2.606579065322876,13.438458442687988,-0.2508409917354584,1,0.9984079599380493,0.05562219023704529,0.009405063465237617,0,-0.05580281466245651,0.9493781924247742,0.30913975834846497,0,0.008266063407063484,-0.30917224287986755,0.950969934463501,0,-0.0022869999520480633,4.338406085968018,0,1,1,0.00020931553444825113,-0.0002768747217487544,0,-0.00018268448184244335,0.9956740140914917,0.09291402995586395,0,0.0002951252681668848,-0.09291397780179977,0.9956740140914917,0,0.02579200081527233,4.0062479972839355,0,1,0.9697239995002747,0.24124102294445038,0.037920087575912476,0,-0.23880094289779663,0.9042890071868896,0.3538860082626343,0,0.0510810948908329,-0.35222700238227844,0.9345190525054932,0,-2.606579065322876,13.823589324951172,-0.5587069988250732,1,0.9980990886688232,0.05987023934721947,0.014630191028118134,0,-0.05997276306152344,0.888761043548584,0.45443177223205566,0,0.014204191043972969,-0.4544452428817749,0.8906619548797607,0,0.013856999576091766,4.376503944396973,0,1,0.9995779991149902,0.028927361592650414,0.0027500882279127836,0,-0.028890639543533325,0.9792309999465942,0.2006770670413971,0,0.0031120881903916597,-0.2006719410419464,0.97965407371521,0,-0.009448000229895115,3.8115620613098145,0,1,-0.8849459886550903,-0.3321910798549652,0.32637497782707214,0,0.3343339264392853,-0.941057026386261,-0.0513007827103138,0,0.3241790235042572,0.06371977925300598,0.9438470005989075,0,8.66544246673584,-6.4724578857421875,-1.6501820087432861,1,0.9983779788017273,-0.03800484538078308,0.042384836822748184,0,0.055507153272628784,0.8151929974555969,-0.5765230059623718,0,-0.012641162611544132,0.5779410004615784,0.8159809112548828,0,0,37.33491897583008,0,1,0.98247891664505,-0.13410818576812744,-0.12942318618297577,0,0.14346984028816223,0.10096422582864761,0.9844909906387329,0,-0.11896119266748428,-0.9858100414276123,0.11843571066856384,0,0,33.67802429199219,0,1,0.995185911655426,0,0.09800131618976593,0,-0.049415748566389084,0.863568127155304,0.5018059015274048,0,-0.08463070541620255,-0.5042331218719482,0.8594110012054443,0,0,17.338153839111328,0,1,-0.9625650644302368,0.13190168142318726,-0.23679198324680328,0,-0.11261231452226639,-0.9892510175704956,-0.09327675402164459,0,-0.24655000865459442,-0.06311923265457153,0.9670719504356384,0,-8.66544246673584,-6.4724578857421875,-1.381358027458191,1,0.9914050102233887,-0.02170793153345585,-0.12901388108730316,0,-0.04800692945718765,0.8569822311401367,-0.5131046175956726,0,0.12170109897851944,0.5148882865905762,0.8485747575759888,0,0,37.33802795410156,0,1,0.9853399991989136,0.1111813485622406,0.12939779460430145,0,-0.14001964032649994,0.09371211379766464,0.9857040047645569,0,0.09746578335762024,-0.9893719553947449,0.10790588706731796,0,0,33.683406829833984,0,1,0.9955920577049255,0,-0.09378769248723984,0,0.04695315286517143,0.8656589984893799,0.49842700362205505,0,0.08118830621242523,-0.5006340146064758,0.8618439435958862,0,0,17.459775924682617,0,1
K0.033,0.9979159235954285,-0.061651986092329025,0.019053872674703598,0,0.06387703865766525,0.9856590628623962,-0.15619269013404846,0,-0.009151031263172626,0.15708425641059875,0.9875429272651672,0,-5.651257514953613,82.52457427978516,5.107605934143066,1,0.9984959959983826,0.054454952478408813,0.006429992150515318,0,-0.0541110597550869,0.9975159168243408,-0.0451023168861866,0,-0.008870061486959457,0.044686540961265564,0.9989620447158813,0,0,11.676307678222656,-0.8202729821205139,1,0.9998849630355835,0.015016859397292137,0.0022329811472445726,0,-0.014993144199252129,0.9998349547386169,-0.010282832197844982,0,-0.0023870281875133514,0.010248168371617794,0.9999449849128723,0,0,13.655925750732422,0,1,0.9998849630355835,0.015028925612568855,0.0021499546710401773,0,-0.015006077475845814,0.9998350739479065,-0.010277224704623222,0,-0.002304054331034422,0.010243774391710758,0.9999449849128723,0,0,15.606775283813477,0,1,0.993270993232727,0.11573310196399689,0.004223794676363468,0,-0.1142939031124115,0.985496997833252,-0.12543238699436188,0,-0.018679214641451836,0.12410558015108109,0.9920930862426758,0,0,17.557615280151367,0,1,0.9787050485610962,0.17564396560192108,-0.10623157024383545,0,-0.20135802030563354,0.7209300994873047,-0.6631089448928833,0,-0.03988557308912277,0.6703791618347168,0.7409458160400391,0,0,5.377747058868408,1.3819830417633057,1,-0.1239127516746521,-0.013418980874121189,-0.9922020435333252,0,0.9506469964981079,-0.28824514150619507,-0.11482470482587814,0,-0.28445684909820557,-0.9574630856513977,0.04847398400306702,0,6.873685836791992,15.419537544250488,-0.11309400200843811,1,0.7592409253120422,0.6120031476020813,-0.221372589468956,0,-0.07131998986005783,0.41634178161621094,0.9064061641693115,0,0.64689040184021,-0.6723926663398743,0.35975196957588196,0,0,14.69379711151123,0,1,0.9888399243354797,0.1487821489572525,0.007742911111563444,0,-0.1488599330186844,0.988800048828125,0.010700908489525318,0,-0.006064088549464941,-0.011734099127352238,0.9999129772186279,0,0,32.34225082397461,0,1,0.9836289882659912,0.1370050013065338,0.11706079542636871,0,-0.1537330001592636,0.976900041103363,0.148436039686203,0,-0.09402018040418625,-0.16400203108787537,0.9819689393043518,0,0,24.952882766723633,0,1,0.9926329851150513,-0.00785988662391901,-0.12090685963630676,0,0.03540709242224693,0.9731509685516357,0.22742623090744019,0,0.1158730760216713,-0.23003172874450684,0.9662600159645081,0,-3.4152040481567383,4.910656929016113,1.5172799825668335,1,0.9745069742202759,-0.1429772526025772,0.17290009558200836,0,0.15072879195213318,0.9880409836769104,-0.03249774128198624,0,-0.16618584096431732,0.05773026868700981,0.9844030737876892,0,-0.5002419948577881,4.911324977874756,0,1,0.9776660799980164,-0.18910382688045502,0.09169702976942062,0,0.1834932416677475,0.9807859659194946,0.06625376641750336,0,-0.10246395319700241,-0.04794825613498688,0.9935799837112427,0,0.07902199774980545,4.840747833251953,0,1,0.9747350811958313,-0.22269771993160248,-0.01722797565162182,0,0.2130562663078308,0.903827965259552,0.3710819184780121,0,-0.06706796586513519,-0.3653770983219147,0.9284399151802063,0,-2.911531925201416,12.93659782409668,-0.3930400013923645,1,0.9997020363807678,-0.024157747626304626,-0.003532764036208391,0,0.024285247549414635,0.9690559506416321,0.24564415216445923,0,-0.0025107639376074076,-0.2456567883491516,0.969353973865509,0,-0.00711299991235137,4.446944236755371,0,1,0.9999939799308777,0.003336041932925582,0.0008929595351219177,0,-0.0034009581431746483,0.9962210655212402,0.08679275959730148,0,-0.0006000405410304666,-0.08679524064064026,0.9962260127067566,0,-0.01460999995470047,4.14326286315918,0,1,0.9729100465774536,-0.22796770930290222,-0.03844081237912178,0,0.22700534760951996,0.9105390310287476,0.3455255925655365,0,-0.04376679286360741,-0.34489139914512634,0.9376219511032104,0,2.911531925201416,12.737615585327148,-0.41898199915885925,1,0.9996780753135681,-0.024914978072047234,-0.004820304922759533,0,0.02464001439511776,0.9075310230255127,0.41926103830337524,0,-0.006071304902434349,-0.4192449450492859,0.9078530073165894,0,-0.012025999836623669,4.59902286529541,0,1,0.9998499751091003,-0.01726309023797512,-0.0010837368899956346,0,0.01726391352713108,0.9920939803123474,0.12430600821971893,0,-0.0010707370238378644,-0.12430604547262192,0.9922429919242859,0,0.019836999475955963,4.063298225402832,0,1,-0.09841397404670715,-0.002304574940353632,0.9951430559158325,0,-0.9393171668052673,-0.33001887798309326,-0.09365730732679367,0,0.3286314606666565,-0.9439712166786194,0.030313625931739807,0,-6.873685836791992,15.424725532531738,-0.18694600462913513,1,0.9688988924026489,-0.23435020446777344,0.07946611195802689,0,0.05180773511528969,0.506119966506958,0.8609060049057007,0,-0.241972878575325,-0.8300138711929321,0.5025202035903931,0,0,14.69379711151123,0,1,0.9945350289344788,-0.10419405251741409,-0.006648982409387827,0,0.10424593091011047,0.9945189952850342,0.008009318262338638,0,0.005778017453849316,-0.008658680133521557,0.9999460577964783,0,0,32.34169006347656,0,1,0.9324230551719666,-0.2025556117296219,0.29926300048828125,0,0.14711926877498627,0.9691789150238037,0.19760286808013916,0,-0.3300650715827942,-0.14022216200828552,0.9334849119186401,0,0,24.9475154876709,0,1,0.9820829629898071,-0.14626102149486542,0.1188259944319725,0,0.10968999564647675,0.9564079642295837,0.270652174949646,0,-0.1532319337129593,-0.25276878476142883,0.9553149938583374,0,3.3377420902252197,5.0494771003723145,1.3179579973220825,1,0.9369459748268127,0.24732188880443573,-0.2469109445810318,0,-0.22666609287261963,0.9678188562393188,0.10930625349283218,0,0.2659990191459656,-0.04644773527979851,0.9628540277481079,0,0.36293599009513855,4.942481994628906,0,1,0.9908850193023682,0.08339778333902359,-0.10578892379999161,0,-0.09635522216558456,0.9875980019569397,-0.1239587739109993,0,0.09413904696702957,0.1330222189426422,0.9866319298744202,0,-0.06485500186681747,4.9412522315979,0,1,0.9828740358352661,0.18406304717063904,-0.00893994327634573,0,-0.1594279557466507,0.8736527562141418,0.4596884846687317,0,0.09242205321788788,-0.4503905177116394,0.888035237789154,0,2.606579065322876,13.438458442687988,-0.2508409917354584,1,0.9984189867973328,0.05543311685323715,0.00933518074452877,0,-0.05561188980937004,0.9497820138931274,0.3079308867454529,0,0.008203179575502872,-0.30796313285827637,0.9513629078865051,0,-0.0022869999520480633,4.338406085968018,0,1,0.9999999403953552,0.00019928274559788406,-0.0002768464619293809,0,-0.00017271707474719733,0.9956799745559692,0.0928485319018364,0,0.00029415354947559536,-0.09284847229719162,0.9956799149513245,0,0.02579200081527233,4.0062479972839355,0,1,0.9697709679603577,0.24106216430664062,0.03785121813416481,0,-0.2386607825756073,0.904690146446228,0.35295382142066956,0,0.05084022134542465,-0.3513181507587433,0.9348748922348022,0,-2.606579065322876,13.823589324951172,-0.5587069988250732,1,0.998108983039856,0.05972013249993324,0.014555991627275944,0,-0.05982186645269394,0.8893009424209595,0.45339223742485046,0,0.014131990261375904,-0.4534057676792145,0.8911920785903931,0,0.013856999576091766,4.376503944396973,0,1,0.9995789527893066,0.02889794111251831,0.002737885108217597,0,-0.02886006236076355,0.9792760014533997,0.20046526193618774,0,0.0031118858605623245,-0.20045973360538483,0.9796969890594482,0,-0.009448000229895115,3.8115620613098145,0,1,-0.8832382559776306,-0.33365491032600403,0.32949402928352356,0,0.33877015113830566,-0.939857006072998,-0.0436219647526741,0,0.32423198223114014,0.07309417426586151,0.943149983882904,0,8.66544246673584,-6.4724578857421875,-1.6501820087432861,1,0.9983539581298828,-0.042863089591264725,0.03811293840408325,0,0.057040970772504807,0.8116310834884644,-0.5813790559768677,0,-0.006013945676386356,0.5825960636138916,0.8127400279045105,0,0,37.33491897583008,0,1,0.9831199645996094,-0.130117267370224,-0.12862293422222137,0,0.14223170280456543,0.1013263687491417,0.9846339821815491,0,-0.1150849238038063,-0.9863070845603943,0.11812271177768707,0,0,33.67802429199219,0,1,0.9952060580253601,-0.0000980102049652487,0.09780167043209076,0,-0.04942100867629051,0.8624287843704224,0.5037604570388794,0,-0.08439631015062332,-0.506178617477417,0.8582891225814819,0,0,17.338153839111328,0,1,-0.9632301926612854,0.12830068171024323,-0.23606660962104797,0,-0.11024519801139832,-0.9899820685386658,-0.08821181952953339,0,-0.2450193166732788,-0.05894306302070618,0.9677249193191528,0,-8.66544246673584,-6.4724578857421875,-1.381358027458191,1,0.9907170534133911,-0.02440180629491806,-0.13373586535453796,0,-0.04847274720668793,0.8556872606277466,-0.5152177214622498,0,0.12700827419757843,0.5169172883033752,0.8465607762336731,0,0,37.33802795410156,0,1,0.9852399826049805,0.11191704124212265,0.12952691316604614,0,-0.14030297100543976,0.09445642679929733,0.9855930209159851,0,0.098069928586483,-0.9892180562019348,0.10876447707414627,0,0,33.683406829833984,0,1,0.9955919981002808,0,-0.09378787130117416,0,0.0469537116587162,0.8656591176986694,0.4984278380870819,0,0.0811881348490715,-0.5006341934204102,0.861842930316925,0,0,17.459775924682617,0,1
K0.067,0.9978550672531128,-0.06384611874818802,0.014489306136965752,0,0.06531684845685959,0.9859470725059509,-0.15375877916812897,0,-0.004468785133212805,0.15437528491020203,0.9880019426345825,0,-5.626839637756348,82.51160430908203,4.9036078453063965,1,0.9984260201454163,0.055309101939201355,0.00929414015263319,0,-0.054911885410547256,0.9977440237998962,-0.038612622767686844,0,-0.011408804915845394,0.03804149851202965,0.9992109537124634,0,0,11.676307678222656,-0.8202729821205139,1,0.9998819828033447,0.015107693150639534,0.002685965271666646,0,-0.015079301781952381,0.9998329877853394,-0.010293357074260712,0,-0.0028410260565578938,0.01025164220482111,0.9999430179595947,0,0,13.655925750732422,0,1,0.9998819828033447,0.015124710276722908,0.00259393104352057,0,-0.015097287483513355,0.9998329877853394,-0.01028518471866846,0,-0.002749060047790408,0.010244815610349178,0.9999439716339111,0,0,15.606775283813477,0,1,0.9932049512863159,0.1162850558757782,0.00457520317286253,0,-0.11481191217899323,0.9855289459228516,-0.12470027804374695,0,-0.01900978945195675,0.12332775443792343,0.992184042930603,0,0,17.557615280151367,0,1,0.9791348576545715,0.1742103546857834,-0.10462506115436554,0,-0.19925564527511597,0.7219289541244507,-0.6626580953598022,0,-0.039910055696964264,0.669678807258606,0.7415781617164612,0,0,5.377747058868408,1.3819830417633057,1,-0.11895616352558136,-0.011497714556753635,-0.9928330183029175,0,0.950139045715332,-0.29160574078559875,-0.11046382784843445,0,-0.2882458567619324,-0.9564700722694397,0.04561278596520424,0,6.873685836791992,15.419537544250488,-0.11309400200843811,1,0.7556501030921936,0.6179230213165283,-0.21717365086078644,0,-0.08502975851297379,0.4213187098503113,0.902917206287384,0,0.6494332551956177,-0.6638239622116089,0.37091171741485596,0,0,14.69379711151123,0,1,0.9882419109344482,0.15269999206066132,0.007786016445606947,0,-0.15277990698814392,0.98819899559021,0.010983296670019627,0,-0.006016983184963465,-0.012043698690831661,0.999908983707428,0,0,32.34225082397461,0,1,0.9840030074119568,0.13489213585853577,0.11636883020401001,0,-0.15187391638755798,0.9766180515289307,0.1521567702293396,0,-0.0931231752038002,-0.1673961579799652,0.9814819693565369,0,0,24.952882766723633,0,1,0.9929890036582947,-0.0072902352549135685,-0.11798261851072311,0,0.034122783690690994,0.9732850193977356,0.2270510047674179,0,0.11317542940378189,-0.22948500514030457,0.9667098522186279,0,-3.4152040481567383,4.910656929016113,1.5172799825668335,1,0.9746679663658142,-0.14527098834514618,0.17005421221256256,0,0.15292997658252716,0.9876930117607117,-0.032770849764347076,0,-0.16320085525512695,0.05794714391231537,0.9848899841308594,0,-0.5002419948577881,4.911324977874756,0,1,0.9771261811256409,-0.1921636313199997,0.09109262377023697,0,0.18641333281993866,0.9801159501075745,0.06798900663852692,0,-0.10234636813402176,-0.04945296421647072,0.9935189485549927,0,0.07902199774980545,4.840747833251953,0,1,0.974694013595581,-0.2228621542453766,-0.017430713400244713,0,0.21356286108493805,0.9053060412406921,0.3671680986881256,0,-0.06604771316051483,-0.361598938703537,0.9299910068511963,0,-2.911531925201416,12.93659782409668,-0.3930400013923645,1,0.9997050166130066,-0.024034112691879272,-0.0034959434997290373,0,0.024159887805581093,0.9694050550460815,0.2442747950553894,0,-0.002481943229213357,-0.24428722262382507,0.9696998596191406,0,-0.00711299991235137,4.446944236755371,0,1,0.9999939799308777,0.003336041932925582,0.0008929595351219177,0,-0.0034009581431746483,0.9962210655212402,0.08679275959730148,0,-0.0006000405410304666,-0.08679524064064026,0.9962260127067566,0,-0.01460999995470047,4.14326286315918,0,1,0.9725610017776489,-0.22924815118312836,-0.039634138345718384,0,0.22876283526420593,0.9113278985023499,0.34227046370506287,0,-0.042345158755779266,-0.3419455885887146,0.9387651085853577,0,2.911531925201416,12.737615585327148,-0.41898199915885925,1,0.9996860027313232,-0.024613119661808014,-0.004704700782895088,0,0.024342888966202736,0.9093049764633179,0.415416955947876,0,-0.00594670046120882,-0.4154011309146881,0.9096189141273499,0,-0.012025999836623669,4.59902286529541,0,1,0.9998459815979004,-0.017504770308732986,-0.00112412020098418,0,0.0175052247941494,0.991684079170227,0.1275019347667694,0,-0.0011171201476827264,-0.12750199437141418,0.9918379187583923,0,0.019836999475955963,4.063298225402832,0,1,-0.09975100308656693,-0.0014878117945045233,0.995011031627655,0,-0.9401118755340576,-0.32743731141090393,-0.0947369709610939,0,0.32594484090805054,-0.9448720216751099,0.03126358985900879,0,-6.873685836791992,15.424725532531738,-0.18694600462913513,1,0.9693869352340698,-0.23199313879013062,0.08042128384113312,0,0.05022389814257622,0.5079550743103027,0.8599179983139038,0,-0.24034573137760162,-0.8295550346374512,0.5040571093559265,0,0,14.69379711151123,0,1,0.9945430755615234,-0.1041160449385643,-0.006647815462201834,0,0.10416796058416367,0.9945279955863953,0.008003093302249908,0,0.005778185091912746,-0.008651906624436378,0.9999459981918335,0,0,32.34169006347656,0,1,0.931547999382019,-0.197687029838562,0.30518585443496704,0,0.14098109304904938,0.970009982585907,0.19800305366516113,0,-0.3351759612560272,-0.14142389595508575,0.9314810037612915,0,0,24.9475154876709,0,1,0.9822209477424622,-0.146540105342865,0.11733511090278625,0,0.11049690842628479,0.9565830230712891,0.2697009742259979,0,-0.1517629325389862,-0.2519409954547882,0.9557690620422363,0,3.3377420902252197,5.0494771003723145,1.3179579973220825,1,0.9369458556175232,0.24732236564159393,-0.2469109296798706,0,-0.2266666293144226,0.9678190350532532,0.10930633544921875,0,0.26599904894828796,-0.04644766449928284,0.9628540277481079,0,0.36293599009513855,4.942481994628906,0,1,0.9908959269523621,0.08402541279792786,-0.10519018024206161,0,-0.09705958515405655,0.9873160719871521,-0.1256420612335205,0,0.09329883754253387,0.13470792770385742,0.9864830374717712,0,-0.06485500186681747,4.9412522315979,0,1,0.9828620553016663,0.18413172662258148,-0.008796075358986855,0,-0.15965726971626282,0.8741338849067688,0.45869314670562744,0,0.09214892983436584,-0.4494278132915497,0.8885511159896851,0,2.606579065322876,13.438458442687988,-0.2508409917354584,1,0.998429000377655,0.05526698753237724,0.009273452684283257,0,-0.055444009602069855,0.9501370191574097,0.30686503648757935,0,0.008148451335728168,-0.3068969249725342,0.9517080187797546,0,-0.0022869999520480633,4.338406085968018,0,1,0.9999999403953552,0.00019077550678048283,-0.0002772464358713478,0,-0.0001642246643314138,0.9956849813461304,0.09279702603816986,0,0.00029375351732596755,-0.09279698133468628,0.9956849813461304,0,0.02579200081527233,4.0062479972839355,0,1,0.9699010848999023,0.24056792259216309,0.037660013884305954,0,-0.23814406991004944,0.9049080610275269,0.3527437150478363,0,0.05078001320362091,-0.3510952889919281,0.9349619150161743,0,-2.606579065322876,13.823589324951172,-0.5587069988250732,1,0.998117983341217,0.05958523973822594,0.014490656554698944,0,-0.05968676134943962,0.8897829055786133,0.45246422290802,0,0.014066656120121479,-0.45247775316238403,0.8916651010513306,0,0.013856999576091766,4.376503944396973,0,1,0.9995790123939514,0.028885919600725174,0.002704955404624343,0,-0.028842084109783173,0.979301929473877,0.20033712685108185,0,0.0031379549764096737,-0.20033086836338043,0.9797230362892151,0,-0.009448000229895115,3.8115620613098145,0,1,-0.8818966746330261,-0.33441227674484253,0.33230510354042053,0,0.343095600605011,-0.9386810064315796,-0.03409996256232262,0,0.32333189249038696,0.08393976092338562,0.9425550103187561,0,8.66544246673584,-6.4724578857421875,-1.6501820087432861,1,0.9983230233192444,-0.04726756736636162,0.033415067940950394,0,0.05788138881325722,0.8078392744064331,-0.5865535736083984,0,0.0007309556822292507,0.5875043272972107,0.8092208504676819,0,0,37.33491897583008,0,1,0.9837499260902405,-0.12615539133548737,-0.1277509331703186,0,0.1409636288881302,0.10202492773532867,0.9847440123558044,0,-0.11119698733091354,-0.9867498874664307,0.11815031617879868,0,0,33.67802429199219,0,1,0.9952600598335266,-0.0003637873742263764,0.0972498282790184,0,-0.04943579062819481,0.8592610359191895,0.5091428756713867,0,-0.08374818414449692,-0.5115370750427246,0.855169951915741,0,0,17.338153839111328,0,1,-0.964375913143158,0.12291719019412994,-0.23424194753170013,0,-0.10645689070224762,-0.9909539222717285,-0.08171387016773224,0,-0.24216711521148682,-0.05386624112725258,0.9687379598617554,0,-8.66544246673584,-6.4724578857421875,-1.381358027458191,1,0.989768922328949,-0.029330171644687653,-0.13963493704795837,0,-0.047682225704193115,0.8543859124183655,-0.5174469351768494,0,0.13447891175746918,0.5188109278678894,0.8442460298538208,0,0,37.33802795410156,0,1,0.9850668907165527,0.11382845044136047,0.12917114794254303,0,-0.14026150107383728,0.09548405557870865,0.9854999780654907,0,0.09984412789344788,-0.9889010190963745,0.11002391576766968,0,0,33.683406829833984,0,1,0.9955930709838867,0.0000020278712327126414,-0.09378398954868317,0,0.04695302993059158,0.8656379580497742,0.49846312403678894,0,0.08118399977684021,-0.5006698966026306,0.8618230819702148,0,0,17.459775924682617,0,1
