3.633,30,109,49
B0,mixamorig_Hips,-1,0.5240859985351562,0.06407400220632553,0.8492519855499268,0,-0.05706699937582016,0.9975669980049133,-0.04004700109362602,0,-0.8497509956359863,-0.027476999908685684,0.5264670252799988,0,0.01937899924814701,0.9157140254974365,-0.008932000026106834,1
B1,mixamorig_Spine,0,0.999085009098053,-0.041558001190423965,-0.010064000263810158,0,0.042743001133203506,0.9642410278320312,0.2615559995174408,0,-0.0011650000233203173,-0.26174700260162354,0.9651359915733337,0,0,0.0878560021519661,0.006111999973654747,1
B2,mixamorig_Spine1,1,0.9952399730682373,-0.09711699932813644,-0.008049000054597855,0,0.09724800288677216,0.9844539761543274,0.14626500010490417,0,-0.006281000096350908,-0.14635099470615387,0.9892129898071289,0,0,0.10274600237607956,0,1
B3,mixamorig_Spine2,2,0.9952409863471985,-0.09710600227117538,-0.008089999668300152,0,0.09724000096321106,0.9843969941139221,0.14665000140666962,0,-0.006277000065892935,-0.14673900604248047,0.9891549944877625,0,0,0.11742399632930756,0,1
B4,mixamorig_Neck,3,0.8858399987220764,0.009983999654650688,-0.46388301253318787,0,-0.18930299580097198,0.9205520153045654,-0.3416840136051178,0,0.42361700534820557,0.3904919922351837,0.8173519968986511,0,0,0.13210199773311615,0,1
B5,mixamorig_Head,4,0.9014279842376709,-0.05816499888896942,-0.4290049970149994,0,0.05053099989891052,0.9982960224151611,-0.029172999784350395,0,0.42997100949287415,0.0046190000139176846,0.9028310179710388,0,0,0.12008199840784073,0.02579200081527233,1
B6,mixamorig_HeadTop_End,5,1,0,0,0,0,1,0,0,0,0,1,0,0,0.23977600038051605,0.05150099843740463,1
B7,mixamorig_LeftShoulder,3,0.22860300540924072,-0.10537900030612946,-0.9678000211715698,0,0.9160259962081909,-0.313293993473053,0.25048699975013733,0,-0.329600989818573,-0.9437919855117798,0.02490999922156334,0,0.06413300335407257,0.1121629998087883,0.0016899999463930726,1
B8,mixamorig_LeftArm,7,0.9051910042762756,-0.026538999751210213,0.42417600750923157,0,-0.13245099782943726,0.9307289719581604,0.34088099002838135,0,-0.40384000539779663,-0.36474499106407166,0.8389719724655151,0,0,0.13357900083065033,0,1
B9,mixamorig_LeftForeArm,8,0.7306519746780396,0.6825500130653381,-0.016526000574231148,0,-0.6824210286140442,0.7293350100517273,-0.04870099946856499,0,-0.021188000217080116,0.04686100035905838,0.9986770153045654,0,0,0.34262099862098694,0,1
B10,mixamorig_LeftHand,9,0.855309009552002,0.3398360013961792,-0.3910979926586151,0,-0.4134120047092438,0.9026299715042114,-0.11978799849748611,0,0.31230801343917847,0.2641400098800659,0.9125199913978577,0,0,0.26333799958229065,0,1
B11,mixamorig_LeftHandThumb1,10,0.9351599812507629,0.28640198707580566,-0.20844699442386627,0,-0.22754499316215515,0.936689019203186,0.2661530077457428,0,0.27147701382637024,-0.2014639973640442,0.9411230087280273,0,-0.034602001309394836,0.04176099970936775,0.01565299928188324,1
B12,mixamorig_LeftHandThumb2,11,0.9779019951820374,-0.15764300525188446,0.13732099533081055,0,0.1446159929037094,0.9843990206718445,0.10022500157356262,0,-0.1509779989719391,-0.07815200090408325,0.9854429960250854,0,-0.006093999836593866,0.04474499821662903,0,1
B13,mixamorig_LeftHandThumb3,12,0.996366024017334,0.08425299823284149,-0.012525999918580055,0,-0.08456599712371826,0.9960539937019348,-0.0269399993121624,0,0.010207000188529491,0.027900999411940575,0.9995589852333069,0,0.0011159999994561076,0.04538600146770477,0,1
B14,mixamorig_LeftHandThumb4,13,1,0,0,0,0,1,0,0,0,0,1,0,0.004978000186383724,0.03371499851346016,0,1
B15,mixamorig_LeftHandIndex1,10,0.9355019927024841,-0.24667200446128845,-0.25296100974082947,0,0.2019280046224594,0.9607719779014587,-0.19011199474334717,0,0.2899329960346222,0.1267700046300888,0.9486140012741089,0,-0.030300000682473183,0.10593900084495544,-0.0027660001069307327,1
B16,mixamorig_LeftHandIndex2,15,0.9997720122337341,0.018789000809192657,0.010147999972105026,0,-0.021330999210476875,0.8562549948692322,0.5161129832267761,0,0.0010079999919980764,-0.516211986541748,0.8564599752426147,0,0.00009899999713525176,0.04404199868440628,0,1
B17,mixamorig_LeftHandIndex3,16,0.9997749924659729,0.019321000203490257,0.00880999956279993,0,-0.021042000502347946,0.8457199931144714,0.5332109928131104,0,0.0028520000632852316,-0.5332760214805603,0.8459360003471375,0,-0.000029000000722589903,0.04240899905562401,0,1
B18,mixamorig_LeftHandIndex4,17,1,0,0,0,0,1,0,0,0,0,1,0,-0.00007000000186963007,0.03294000029563904,0,1
B19,mixamorig_LeftHandMiddle1,10,0.952413022518158,-0.2493620067834854,-0.17529499530792236,0,0.25403499603271484,0.9671850204467773,0.004377000033855438,0,0.16845199465751648,-0.048700001090765,0.9845060110092163,0,0.030300000682473183,0.11164599657058716,-0.0014590000500902534,1
B20,mixamorig_LeftHandMiddle2,19,0.9999520182609558,0.009592999704182148,0.0020649998914450407,0,-0.009345999918878078,0.8669099807739258,0.4983769953250885,0,0.0029909999575465918,-0.49837198853492737,0.8669580221176147,0,0.00021300000662449747,0.04402000084519386,0,1
B21,mixamorig_LeftHandMiddle3,20,0.9993540048599243,0.035447001457214355,0.00597199983894825,0,-0.02953599952161312,0.7150269746780396,0.6984729766845703,0,0.02048799954354763,-0.6981980204582214,0.71561199426651,0,-0.0001340000017080456,0.041847001761198044,0,1
B22,mixamorig_LeftHandMiddle4,21,1,0,0,0,0,1,0,0,0,0,1,0,-0.0000779999973019585,0.033316999673843384,0,1
B23,mixamorig_RightShoulder,3,0.20317000150680542,0.09279099851846695,0.9747369885444641,0,-0.9296429753303528,-0.2942410111427307,0.22178199887275696,0,0.30738699436187744,-0.9512159824371338,0.026481999084353447,0,-0.06413300335407257,0.11212100088596344,0.001088000019080937,1
B24,mixamorig_RightArm,23,0.6716189980506897,0.23874400556087494,-0.7013769745826721,0,0.07162000238895416,0.9213050007820129,0.38218799233436584,0,0.7374269962310791,-0.3069170117378235,0.6016669869422913,0,0,0.13357900083065033,0,1
B25,mixamorig_RightForeArm,24,-0.3460319936275482,-0.9357240200042725,-0.06842400133609772,0,0.9375069737434387,-0.34199899435043335,-0.06416299939155579,0,0.03663799911737442,-0.08635099977254868,0.9955909848213196,0,0,0.34262698888778687,0,1
B26,mixamorig_RightHand,25,0.8839280009269714,-0.43873000144958496,-0.16182300448417664,0,0.3977710008621216,0.8873810172080994,-0.2330940067768097,0,0.24586400389671326,0.14167000353336334,0.9588950276374817,0,0,0.2633880078792572,0,1
B27,mixamorig_RightHandThumb1,26,0.9157119989395142,-0.32179000973701477,0.24066999554634094,0,0.26297900080680847,0.9327639937400818,0.24656499922275543,0,-0.3038310110569,-0.16249099373817444,0.9387670159339905,0,0.03554899990558624,0.0424639992415905,0.014188000001013279,1
B28,mixamorig_RightHandThumb2,27,0.9790830016136169,0.14263500273227692,-0.14508900046348572,0,-0.12976199388504028,0.9870160222053528,0.0946659967303276,0,0.1567080020904541,-0.07385899871587753,0.9848790168762207,0,0.006397999823093414,0.045285001397132874,0,1
B29,mixamorig_RightHandThumb3,28,0.9983149766921997,0.05801599845290184,0.0012169999536126852,0,-0.0577629990875721,0.995527982711792,-0.07475399971008301,0,-0.005549000110477209,0.07455799728631973,0.9972010254859924,0,0.0006500000017695129,0.04655800014734268,0,1
B30,mixamorig_RightHandThumb4,29,1,0,0,0,0,1,0,0,0,0,1,0,-0.0070489998906850815,0.0349389985203743,0,1
B31,mixamorig_RightHandIndex1,26,0.9357230067253113,0.03816600143909454,0.35066500306129456,0,0.026047000661492348,0.983938992023468,-0.17659500241279602,0,-0.3517720103263855,0.17437799274921417,0.919700026512146,0,0.027493000030517578,0.10571800172328949,-0.002265000017359853,1
B32,mixamorig_RightHandIndex2,31,0.9998819828033447,0.015371999703347683,0.000048000001697801054,0,-0.014631000347435474,0.9507309794425964,0.309673011302948,0,0.0047149998135864735,-0.30963701009750366,0.9508429765701294,0,-0.00020300000323913991,0.04592899978160858,0,1
B33,mixamorig_RightHandIndex3,32,0.9997410178184509,-0.02181299962103367,-0.006426000036299229,0,0.022577999159693718,0.9184799790382385,0.39482301473617554,0,-0.0027099999133497477,-0.3948659896850586,0.9187350273132324,0,0.0005169999785721302,0.04402700066566467,0,1
B34,mixamorig_RightHandIndex4,33,1,0,0,0,0,1,0,0,0,0,1,0,-0.00031400000443682075,0.0326399989426136,0,1
B35,mixamorig_RightHandMiddle1,26,0.9716359972953796,0.20288899540901184,0.12149299681186676,0,-0.19060300290584564,0.9759809970855713,-0.10550999641418457,0,-0.1399810016155243,0.0793600007891655,0.986968994140625,0,-0.027493000030517578,0.11250899732112885,-0.002948000095784664,1
B36,mixamorig_RightHandMiddle2,35,0.9999480247497559,-0.009538000449538231,0.003576999995857477,0,0.006889999844133854,0.8918799757957458,0.45222100615501404,0,-0.00750300008803606,-0.45217201113700867,0.8918989896774292,0,0.00010099999781232327,0.04639999940991402,0,1
B37,mixamorig_RightHandMiddle3,36,0.9990829825401306,-0.04212599992752075,-0.007615000009536743,0,0.03752399981021881,0.7761660218238831,0.629410982131958,0,-0.020603999495506287,-0.6291199922561646,0.7770349979400635,0,0.00023299999884329736,0.040674999356269836,0,1
B38,mixamorig_RightHandMiddle4,37,1,0,0,0,0,1,0,0,0,0,1,0,-0.0003330000035930425,0.03270599991083145,0,1
B39,mixamorig_LeftUpLeg,0,-0.8487619757652283,-0.3338870108127594,0.41002801060676575,0,0.49767500162124634,-0.7664279937744141,0.4060870110988617,0,0.1786700040102005,0.5487319827079773,0.816681981086731,0,0.09619099646806717,-0.04876000061631203,0.018198000267148018,1
B40,mixamorig_LeftLeg,39,0.9253000020980835,-0.3717609941959381,0.07492700219154358,0,0.32725799083709717,0.6829010248184204,-0.6531069874763489,0,0.1916320025920868,0.6288400292396545,0.7535499930381775,0,0,0.3862819969654083,0,1
B41,mixamorig_LeftFoot,40,0.9879369735717773,-0.13218100368976593,0.08068200200796127,0,0.005530999973416328,0.550786018371582,0.8346279859542847,0,-0.15476000308990479,-0.8241140246391296,0.544871985912323,0,0,0.49035900831222534,0,1
B42,mixamorig_LeftToeBase,41,0.9996820092201233,0.024751000106334686,0.004923999775201082,0,-0.021879000589251518,0.7527989745140076,0.6578869819641113,0,0.012577000074088573,-0.6577849984169006,0.7531009912490845,0,0,0.14722399413585663,0,1
B43,mixamorig_LeftToe_End,42,1,0,0,0,0,1,0,0,0,0,1,0,0,0.055275000631809235,0,1
B44,mixamorig_RightUpLeg,0,-0.862388014793396,0.3364349901676178,-0.37828201055526733,0,-0.48511800169944763,-0.7628179788589478,0.4275150001049042,0,-0.14472900331020355,0.5521950125694275,0.8210560083389282,0,-0.09619099646806717,-0.04876000061631203,0.022193999961018562,1
B45,mixamorig_RightLeg,44,0.9943860173225403,0.07878900319337845,0.07063400000333786,0,0.0019779999274760485,0.6535590291023254,-0.7568730115890503,0,-0.10579700022935867,0.7527629733085632,0.6497340202331543,0,0,0.3863469958305359,0,1
B46,mixamorig_RightFoot,45,0.9435170292854309,0.33021101355552673,0.027127999812364578,0,-0.15151099860668182,0.35719799995422363,0.9216579794883728,0,0.29465198516845703,-0.8737109899520874,0.3870530128479004,0,0,0.48982900381088257,0,1
B47,mixamorig_RightToeBase,46,0.9996650218963623,-0.021624000743031502,-0.014208000153303146,0,0.025709999725222588,0.7684739828109741,0.639365017414093,0,-0.0029070000164210796,-0.6395159959793091,0.7687720060348511,0,0,0.15144699811935425,0,1
B48,mixamorig_RightToe_End,47,1,0,0,0,0,1,0,0,0,0,1,0,0,0.05614599958062172,0,1
@40,0,1,2,3,4,5,7,8,9,10,11,12,13,15,16,17,19,20,21,23,24,25,26,27,28,29,31,32,33,35,36,37,39,40,41,42,44,45,46,47
K0,0.5240859985351562,0.06407371908426285,0.849251925945282,0,-0.05706728249788284,0.9975669384002686,-0.040046609938144684,0,-0.8497510552406311,-0.027476612478494644,0.5264670252799988,0,0.01937899924814701,0.9157140254974365,-0.008932000026106834,1,0.999085009098053,-0.04155778884887695,-0.010064288042485714,0,0.04274320974946022,0.9642410278320312,0.2615559697151184,0,-0.001165288733318448,-0.2617470324039459,0.965135931968689,0,0,0.0878560021519661,0.006111999973654747,1,0.9952399134635925,-0.09711729735136032,-0.008048982359468937,0,0.09724770486354828,0.9844540357589722,0.1462647020816803,0,-0.006280982866883278,-0.14635129272937775,0.9892129898071289,0,0,0.10274600237607956,0,1,0.9952409863471985,-0.09710600227117538,-0.008089916780591011,0,0.09724000841379166,0.9843969941139221,0.14665010571479797,0,-0.006276916712522507,-0.14673888683319092,0.9891549944877625,0,0,0.11742399632930756,0,1,0.8858399987220764,0.009983992204070091,-0.4638829529285431,0,-0.18930302560329437,0.9205520153045654,-0.3416840732097626,0,0.42361706495285034,0.39049196243286133,0.8173519968986511,0,0,0.13210199773311615,0,1,0.9014279842376709,-0.05816473439335823,-0.42900514602661133,0,0.05053126811981201,0.9982960224151611,-0.029172901064157486,0,0.429970920085907,0.0046190982684493065,0.9028310775756836,0,0,0.12008199840784073,0.02579200081527233,1,0.2286035418510437,-0.10537908226251602,-0.967799961566925,0,0.91602623462677,-0.3132935166358948,0.25048717856407166,0,-0.32960134744644165,-0.9437919855117798,0.024909917265176773,0,0.06413300335407257,0.1121629998087883,0.0016899999463930726,1,0.9051909446716309,-0.026538804173469543,0.42417633533477783,0,-0.13245080411434174,0.9307289123535156,0.3408811092376709,0,-0.40383973717689514,-0.3647449314594269,0.8389721512794495,0,0,0.13357900083065033,0,1,0.7306520342826843,0.6825498938560486,-0.01652590185403824,0,-0.682421088218689,0.7293350100517273,-0.04870092123746872,0,-0.021187903359532356,0.04686107859015465,0.9986770153045654,0,0,0.34262099862098694,0,1,0.8553090691566467,0.339836061000824,-0.391097754240036,0,-0.413411945104599,0.9026299715042114,-0.11978790163993835,0,0.31230825185775757,0.26414012908935547,0.9125198721885681,0,0,0.26333799958229065,0,1,0.9351599216461182,0.2864020764827728,-0.20844720304012299,0,-0.22754493355751038,0.9366891384124756,0.2661527693271637,0,0.2714768052101135,-0.2014642208814621,0.9411230087280273,0,-0.034602001309394836,0.04176099970936775,0.01565299928188324,1,0.9779020547866821,-0.15764285624027252,0.13732080161571503,0,0.14461615681648254,0.9843989610671997,0.10022531449794769,0,-0.1509781926870346,-0.07815169543027878,0.9854429960250854,0,-0.006093999836593866,0.04474499821662903,0,1,0.9963659644126892,0.08425334841012955,-0.012526100501418114,0,-0.0845656543970108,0.9960539937019348,-0.026939814910292625,0,0.010206899605691433,0.0279011819511652,0.9995589256286621,0,0.0011159999994561076,0.04538600146770477,0,1,0.9355020523071289,-0.2466716766357422,-0.2529609799385071,0,0.2019283026456833,0.960771918296814,-0.19011190533638,0,0.2899329960346222,0.12677007913589478,0.9486139416694641,0,-0.030300000682473183,0.10593900084495544,-0.0027660001069307327,1,0.9997719526290894,0.018789226189255714,0.010148050263524055,0,-0.02133077196776867,0.8562548756599426,0.5161132216453552,0,0.001008050050586462,-0.5162118077278137,0.8564600944519043,0,0.00009899999713525176,0.04404199868440628,0,1,0.9997749924659729,0.01932085119187832,0.008809617720544338,0,-0.021042149513959885,0.8457200527191162,0.5332109332084656,0,0.002851617755368352,-0.5332760810852051,0.8459359407424927,0,-0.000029000000722589903,0.04240899905562401,0,1,0.9524129629135132,-0.24936188757419586,-0.1752953976392746,0,0.2540351152420044,0.9671849608421326,0.004377054516226053,0,0.16845159232616425,-0.04869994521141052,0.9845060706138611,0,0.030300000682473183,0.11164599657058716,-0.0014590000500902534,1,0.999951958656311,0.009593098424375057,0.002064897445961833,0,-0.00934589933604002,0.8669100403785706,0.49837684631347656,0,0.0029908972792327404,-0.4983721077442169,0.8669579029083252,0,0.00021300000662449747,0.04402000084519386,0,1,0.9993539452552795,0.035446908324956894,0.005972328595817089,0,-0.029536088928580284,0.7150270342826843,0.6984729766845703,0,0.020488329231739044,-0.6981980204582214,0.7156119346618652,0,-0.0001340000017080456,0.041847001761198044,0,1,0.20316991209983826,0.09279152750968933,0.9747369885444641,0,-0.9296432137489319,-0.29424065351486206,0.2217814326286316,0,0.3073864281177521,-0.9512161016464233,0.02648218534886837,0,-0.06413300335407257,0.11212100088596344,0.001088000019080937,1,0.6716190576553345,0.23874418437480927,-0.7013769149780273,0,0.07162018120288849,0.9213050603866577,0.38218778371810913,0,0.7374269962310791,-0.3069172203540802,0.6016669273376465,0,0,0.13357900083065033,0,1,-0.3460317850112915,-0.9357240200042725,-0.06842441111803055,0,0.937506914138794,-0.34199920296669006,-0.06416277587413788,0,0.036637578159570694,-0.08635077625513077,0.9955910444259644,0,0,0.34262698888778687,0,1,0.8839280009269714,-0.4387301206588745,-0.16182297468185425,0,0.39777088165283203,0.8873810172080994,-0.23309409618377686,0,0.24586404860019684,0.14166992902755737,0.9588950276374817,0,0,0.2633880078792572,0,1,0.9157119989395142,-0.32178986072540283,0.2406703233718872,0,0.2629791498184204,0.9327639937400818,0.24656488001346588,0,-0.30383065342903137,-0.1624910980463028,0.9387670755386353,0,0.03554899990558624,0.0424639992415905,0.014188000001013279,1,0.9790830016136169,0.14263486862182617,-0.1450890749692917,0,-0.12976211309432983,0.9870160222053528,0.09466610103845596,0,0.15670791268348694,-0.07385889440774918,0.9848790764808655,0,0.006397999823093414,0.045285001397132874,0,1,0.9983150362968445,0.058016058057546616,0.0012172528076916933,0,-0.05776294693350792,0.995527982711792,-0.07475416362285614,0,-0.005548747256398201,0.0745578408241272,0.9972010254859924,0,0.0006500000017695129,0.04655800014734268,0,1,0.9357231855392456,0.03816593810915947,0.3506646454334259,0,0.026046941056847572,0.983938992023468,-0.17659515142440796,0,-0.35177236795425415,0.17437784373760223,0.9196999073028564,0,0.027493000030517578,0.10571800172328949,-0.002265000017359853,1,0.9998819828033447,0.015371913090348244,0.00004780975359608419,0,-0.014631086960434914,0.9507310390472412,0.30967310070991516,0,0.004714809823781252,-0.3096369802951813,0.9508429765701294,0,-0.00020300000323913991,0.04592899978160858,0,1,0.9997410178184509,-0.02181309461593628,-0.0064260829240083694,0,0.022577904164791107,0.9184800386428833,0.39482301473617554,0,-0.0027100834995508194,-0.3948659896850586,0.9187350273132324,0,0.0005169999785721302,0.04402700066566467,0,1,0.9716360569000244,0.20288878679275513,0.12149272859096527,0,-0.19060319662094116,0.9759809374809265,-0.10550981014966965,0,-0.1399812549352646,0.07936018705368042,0.9869689345359802,0,-0.027493000030517578,0.11250899732112885,-0.002948000095784664,1,0.9999479651451111,-0.009538178332149982,0.0035766768269240856,0,0.006889821961522102,0.8918800950050354,0.45222073793411255,0,-0.007503323722630739,-0.45217227935791016,0.8918988108634949,0,0.00010099999781232327,0.04639999940991402,0,1,0.9990829825401306,-0.04212591424584389,-0.007615011651068926,0,0.03752407804131508,0.7761659026145935,0.6294110417366028,0,-0.020604010671377182,-0.6291198134422302,0.777035117149353,0,0.00023299999884329736,0.040674999356269836,0,1,-0.848761796951294,-0.3338870704174042,0.4100281596183777,0,0.49767494201660156,-0.7664278745651245,0.4060870409011841,0,0.17866984009742737,0.5487318634986877,0.8166820406913757,0,0.09619099646806717,-0.04876000061631203,0.018198000267148018,1,0.9252999424934387,-0.3717612624168396,0.07492703199386597,0,0.3272577226161957,0.68290114402771,-0.6531068682670593,0,0.19163204729557037,0.6288400888442993,0.7535499930381775,0,0,0.3862819969654083,0,1,0.9879370331764221,-0.1321810781955719,0.0806816890835762,0,0.00553093058988452,0.5507855415344238,0.8346283435821533,0,-0.15476033091545105,-0.8241137266159058,0.5448723435401917,0,0,0.49035900831222534,0,1,0.9996820092201233,0.024751119315624237,0.00492379954084754,0,-0.021878879517316818,0.7527990937232971,0.657886803150177,0,0.012576799839735031,-0.6577851176261902,0.7531009316444397,0,0,0.14722399413585663,0,1,-0.862388014793396,0.33643507957458496,-0.3782818019390106,0,-0.4851178824901581,-0.7628179788589478,0.427514910697937,0,-0.14472918212413788,0.5521950721740723,0.8210559487342834,0,-0.09619099646806717,-0.04876000061631203,0.022193999961018562,1,0.9943860173225403,0.07878947257995605,0.07063396275043488,0,0.0019784653559327126,0.653559148311615,-0.7568728923797607,0,-0.10579703003168106,0.7527630925178528,0.64973384141922,0,0,0.3863469958305359,0,1,0.9435170292854309,0.33021098375320435,0.027127860113978386,0,-0.1515110284090042,0.3571977913379669,0.9216579794883728,0,0.2946518361568451,-0.8737109303474426,0.38705316185951233,0,0,0.48982900381088257,0,1,0.9996650218963623,-0.021623877808451653,-0.01420804113149643,0,0.025710124522447586,0.7684739232063293,0.6393650770187378,0,-0.00290704146027565,-0.6395158767700195,0.7687720656394958,0,0,0.15144699811935425,0,1
K0.033,0.5168982744216919,0.0558420866727829,0.8542237281799316,0,-0.026966607198119164,0.9984369874000549,-0.04895181953907013,0,-0.855621874332428,0.0022675911895930767,0.5175960659980774,0,0.015131778083741665,0.913349986076355,-0.00510186143219471,1,0.9995419979095459,-0.030055709183216095,0.0034122096840292215,0,0.028276760131120682,0.9684780836105347,0.24748970568180084,0,-0.010743125341832638,-0.2472797930240631,0.9688840508460999,0,0,0.0878560021519661,0.006111999973654747,1,0.9971691370010376,-0.07339029759168625,0.016394993290305138,0,0.07110670953989029,0.9911611080169678,0.1119973361492157,0,-0.024469580501317978,-0.11051440984010696,0.9935730695724487,0,0,0.10274600237607956,0,1,0.9970460534095764,-0.07545622438192368,0.014317295514047146,0,0.07337983697652817,0.990945041179657,0.11244373768568039,0,-0.022672239691019058,-0.11106101423501968,0.9935550689697266,0,0,0.11742399632930756,0,1,0.8947721123695374,0.09557715803384781,-0.4361744225025177,0,-0.15810991823673248,0.9813523888587952,-0.10930829495191574,0,0.4175935983657837,0.1667695939540863,0.8931988477706909,0,0,0.13210199773311615,0,1,0.8929558396339417,-0.152377188205719,-0.423568993806839,0,0.17677998542785645,0.9840736389160156,0.01866602525115013,0,0.41397857666015625,-0.09154640883207321,0.9056710600852966,0,0,0.12008199840784073,0.02579200081527233,1,0.22833381593227386,-0.1282365769147873,-0.9650999307632446,0,0.8911876678466797,-0.3715779185295105,0.2602198123931885,0,-0.39197975397109985,-0.9195026159286499,0.029439112171530724,0,0.06413300335407257,0.1121629998087883,0.0016899999463930726,1,0.9284651279449463,-0.11045797914266586,0.3546132743358612,0,-0.008033758029341698,0.9485591053962708,0.3164996802806854,0,-0.37133145332336426,-0.2967076897621155,0.8798163533210754,0,0,0.13357900083065033,0,1,0.6599645614624023,0.7406550049781799,-0.12600238621234894,0,-0.7433624863624573,0.6680553555488586,0.03337782993912697,0,0.10889802128076553,0.07163726538419724,0.9914678931236267,0,0,0.34262099862098694,0,1,0.9695236682891846,0.2242731899023056,-0.09861527383327484,0,-0.2446540743112564,0.9075531959533691,-0.3413069546222687,0,0.012952608056366444,0.35503196716308594,0.93476402759552,0,0,0.26333799958229065,0,1,0.9426560401916504,0.2530677914619446,-0.21761606633663177,0,-0.19255149364471436,0.9448980689048767,0.26474806666374207,0,0.27262407541275024,-0.20766396820545197,0.9394419193267822,0,-0.034602001309394836,0.04176099970936775,0.01565299928188324,1,0.972044825553894,-0.19278156757354736,0.13403207063674927,0,0.1789291352033615,0.9778298735618591,0.10878323763608932,0,-0.15203186869621277,-0.08175988495349884,0.9849880337715149,0,-0.006093999836593866,0.04474499821662903,0,1,0.9987559914588928,0.048628583550453186,-0.010987639427185059,0,-0.04887368530035019,0.9985340237617493,-0.023261921480298042,0,0.00984034314751625,0.023770000785589218,0.9996690154075623,0,0.0011159999994561076,0.04538600146770477,0,1,0.9362630248069763,-0.2431611567735672,-0.25354477763175964,0,0.21721696853637695,0.9679341912269592,-0.1261780709028244,0,0.27609604597091675,0.06306158751249313,0.9590590000152588,0,-0.030300000682473183,0.10593900084495544,-0.0027660001069307327,1,0.9996960163116455,0.021577900275588036,0.011908484622836113,0,-0.024512164294719696,0.8202477097511292,0.5714824199676514,0,0.002563483314588666,-0.5716007351875305,0.8205274939537048,0,0.00009899999713525176,0.04404199868440628,0,1,0.9996989965438843,0.022288339212536812,0.01028983760625124,0,-0.024078723043203354,0.8086087703704834,0.5878544449806213,0,0.004781843163073063,-0.5879247784614563,0.8089014291763306,0,-0.000029000000722589903,0.04240899905562401,0,1,0.9534199237823486,-0.24652686715126038,-0.1738232523202896,0,0.2616501748561859,0.962628960609436,0.06989043951034546,0,0.15009751915931702,-0.11211588233709335,0.9822940230369568,0,0.030300000682473183,0.11164599657058716,-0.0014590000500902534,1,0.9999150037765503,0.012591211125254631,0.0034910347312688828,0,-0.012413852848112583,0.8320886492729187,0.5545046329498291,0,0.004077031742781401,-0.5545004606246948,0.8321737051010132,0,0.00021300000662449747,0.04402000084519386,0,1,0.999243974685669,0.03801563009619713,0.008081958629190922,0,-0.031404413282871246,0.6672621965408325,0.7441606521606445,0,0.022896962240338326,-0.7438521981239319,0.6679518222808838,0,-0.0001340000017080456,0.041847001761198044,0,1,0.17257557809352875,0.10243308544158936,0.9796561598777771,0,-0.931128978729248,-0.3074345886707306,0.19617252051830292,0,0.32127439975738525,-0.9460398554801941,0.04232262447476387,0,-0.06413300335407257,0.11212100088596344,0.001088000019080937,1,0.736160933971405,0.1251615285873413,-0.6651332378387451,0,0.09626471996307373,0.9533966183662415,0.28595009446144104,0,0.6699256300926208,-0.27453410625457764,0.6898046731948853,0,0,0.13357900083065033,0,1,-0.32656893134117126,-0.9447045922279358,-0.029760627076029778,0,0.9451514482498169,-0.3261873424053192,-0.017016392201185226,0,0.006367924623191357,-0.033685337752103806,0.9994120001792908,0,0,0.34262698888778687,0,1,0.9448861479759216,-0.31321415305137634,0.09532728046178818,0,0.3246980309486389,0.9338144659996033,-0.15020652115345,0,-0.04197116941213608,0.17288058996200562,0.9840480089187622,0,0,0.2633880078792572,0,1,0.9197799563407898,-0.3070679008960724,0.24436527490615845,0,0.24786882102489471,0.9373340606689453,0.24488098919391632,0,-0.30424678325653076,-0.16466599702835083,0.9382530450820923,0,0.03554899990558624,0.0424639992415905,0.014188000001013279,1,0.9768449664115906,0.15827231109142303,-0.14395995438098907,0,-0.1450769603252411,0.9845540523529053,0.09801290929317474,0,0.15724903345108032,-0.07485811412334442,0.9847179651260376,0,0.006397999823093414,0.045285001397132874,0,1,0.9972760677337646,0.07376599311828613,-0.00016527841216884553,0,-0.07357731461524963,0.9945600032806396,-0.07372834533452988,0,-0.005274263210594654,0.07353964447975159,0.9972779750823975,0,0.0006500000017695129,0.04655800014734268,0,1,0.9358248710632324,0.036070238798856735,0.3506152331829071,0,-0.009685073979198933,0.9970061182975769,-0.07671862095594406,0,-0.35233274102211,0.06839943677186966,0.9333721995353699,0,0.027493000030517578,0.10571800172328949,-0.002265000017359853,1,0.9999120235443115,0.013276970945298672,0.000611888593994081,0,-0.012363987043499947,0.9122874736785889,0.4093630909919739,0,0.00487688509747386,-0.4093347489833832,0.9123716354370117,0,-0.00020300000323913991,0.04592899978160858,0,1,0.999701976776123,-0.023128807544708252,-0.007744718808680773,0,0.023953208699822426,0.8710594177246094,0.49059295654296875,0,-0.004600724671036005,-0.49063268303871155,0.8713545799255371,0,0.0005169999785721302,0.04402700066566467,0,1,0.9725111126899719,0.1993827372789383,0.12028691917657852,0,-0.20093534886837006,0.9796039462089539,0.0007959782960824668,0,-0.11767486482858658,-0.024943998083472252,0.9927389621734619,0,-0.027493000030517578,0.11250899732112885,-0.002948000095784664,1,0.9999060034751892,-0.013491983525454998,0.0022931252606213093,0,0.010065081529319286,0.8385247588157654,0.544770359992981,0,-0.009272878989577293,-0.5446963310241699,0.8385820984840393,0,0.00010099999781232327,0.04639999940991402,0,1,0.998943030834198,-0.04467673972249031,-0.010809971950948238,0,0.03917530179023743,0.7044692039489746,0.7086518406867981,0,-0.024044975638389587,-0.7083266973495483,0.7054752707481384,0,0.00023299999884329736,0.040674999356269836,0,1,-0.8400448560714722,-0.3586803078651428,0.4070292115211487,0,0.5124620795249939,-0.7708712816238403,0.3783383071422577,0,0.17806480824947357,0.5264086723327637,0.8313773274421692,0,0.09619099646806717,-0.04876000061631203,0.018198000267148018,1,0.9231970310211182,-0.37626004219055176,0.07832629233598709,0,0.329035222530365,0.6684779524803162,-0.6669889688491821,0,0.19860176742076874,0.6415339112281799,0.740939199924469,0,0,0.3862819969654083,0,1,0.987866997718811,-0.13418903946876526,0.07817891240119934,0,0.006046972703188658,0.5362536311149597,0.844035267829895,0,-0.1551840454339981,-0.8333220481872559,0.5305588245391846,0,0,0.49035900831222534,0,1,0.9996820092201233,0.02475162409245968,0.004923984874039888,0,-0.021879373118281364,0.752798855304718,0.6578861474990845,0,0.012576984241604805,-0.6577848196029663,0.7531011700630188,0,0,0.14722399413585663,0,1,-0.8600789308547974,0.3431682288646698,-0.3774908185005188,0,-0.48556002974510193,-0.7776541113853455,0.399357408285141,0,-0.15651044249534607,0.5267730951309204,0.8354724049568176,0,-0.09619099646806717,-0.04876000061631203,0.022193999961018562,1,0.9920430779457092,0.09544183313846588,0.08211163431406021,0,0.000211769001907669,0.6509180068969727,-0.7591480016708374,0,-0.12590238451957703,0.7531247138977051,0.6457182168960571,0,0,0.3863469958305359,0,1,0.9450770616531372,0.3255850374698639,0.028718188405036926,0,-0.14886905252933502,0.3505658805370331,0.9246301054954529,0,0.29097819328308105,-0.8781221508979797,0.37978142499923706,0,0,0.48982900381088257,0,1,0.9996650218963623,-0.021623874083161354,-0.014208040200173855,0,0.025710120797157288,0.7684739232063293,0.6393650770187378,0,-0.0029070398304611444,-0.6395158767700195,0.7687720656394958,0,0,0.15144699811935425,0,1
K0.067,0.5317519307136536,0.0521349236369133,0.8452941179275513,0,-0.0006683707470074296,0.9981290698051453,-0.061140820384025574,0,-0.8469000458717346,0.03194677457213402,0.5307918190956116,0,-0.00680878572165966,0.9145569801330566,0.008663865737617016,1,0.9997119903564453,-0.00533941388130188,0.023387977853417397,0,0.0000451034793513827,0.9753329753875732,0.2207379937171936,0,-0.023989692330360413,-0.22067351639270782,0.9750528931617737,0,0,0.0878560021519661,0.006111999973654747,1,0.9985619783401489,-0.023258179426193237,0.04830441251397133,0,0.020872801542282104,0.9985649585723877,0.04931268468499184,0,-0.0493820421397686,-0.048233550041913986,0.9976149797439575,0,0,0.10274600237607956,0,1,0.9986169934272766,-0.028263285756111145,0.044323742389678955,0,0.026044636964797974,0.9984170198440552,0.04985879734158516,0,-0.045662738382816315,-0.04863543063402176,0.9977719783782959,0,0,0.11742399632930756,0,1,0.9126996994018555,0.21791376173496246,-0.34567832946777344,0,-0.13408339023590088,0.9588107466697693,0.25040677189826965,0,0.3860071301460266,-0.18219640851020813,0.9043247699737549,0,0,0.13210199773311615,0,1,0.8615772724151611,-0.2807110548019409,-0.42294904589653015,0,0.354417085647583,0.9291388392448425,0.10530389100313187,0,0.3634185492992401,-0.24062791466712952,0.9000141024589539,0,0,0.12008199840784073,0.02579200081527233,1,0.22871387004852295,-0.16075776517391205,-0.960128128528595,0,0.8393856883049011,-0.46698009967803955,0.27813979983329773,0,-0.4930739998817444,-0.869532585144043,0.028132878243923187,0,0.06413300335407257,0.1121629998087883,0.0016899999463930726,1,0.9404328465461731,-0.2033693641424179,0.2724471986293793,0,0.1184995099902153,0.947184145450592,0.29799315333366394,0,-0.318660169839859,-0.24795755743980408,0.914861798286438,0,0,0.13357900083065033,0,1,0.5395575165748596,0.8106951713562012,-0.22726722061634064,0,-0.8081288933753967,0.574396550655365,0.1303684562444687,0,0.23623065650463104,0.11331996321678162,0.9650664925575256,0,0,0.34262099862098694,0,1,0.987322211265564,0.07519051432609558,0.1397935301065445,0,-0.014617211185395718,0.9200150370597839,-0.39160969853401184,0,-0.15805751085281372,0.3846016228199005,0.9094504117965698,0,0,0.26333799958229065,0,1,0.9490200877189636,0.218716099858284,-0.2269909381866455,0,-0.1565185934305191,0.9520308971405029,0.2629409432411194,0,0.2736119329929352,-0.21400801837444305,0.9377300143241882,0,-0.034602001309394836,0.04176099970936775,0.01565299928188324,1,0.9648301005363464,-0.2284238338470459,0.13010169565677643,0,0.21377046406269073,0.9698041081428528,0.11740196496248245,0,-0.15299034118652344,-0.08546092361211777,0.9845249652862549,0,-0.006093999836593866,0.04474499821662903,0,1,0.9998810291290283,0.01213138923048973,-0.009579007513821125,0,-0.01231632474809885,0.9997339844703674,-0.019490212202072144,0,0.009340012446045876,0.019605863839387894,0.9997640252113342,0,0.0011159999994561076,0.04538600146770477,0,1,0.9370969533920288,-0.23955105245113373,-0.2539002597332001,0,0.23186388611793518,0.9708810448646545,-0.06024664267897606,0,0.2609388828277588,-0.0024133550468832254,0.9653520584106445,0,-0.030300000682473183,0.10593900084495544,-0.0027660001069307327,1,0.9996079802513123,0.024302411824464798,0.013894970528781414,0,-0.027651526033878326,0.7797294855117798,0.6255053281784058,0,0.004366973415017128,-0.6256447434425354,0.7800962328910828,0,0.00009899999713525176,0.04404199868440628,0,1,0.9996100068092346,0.0252130888402462,0.012002800591289997,0,-0.02704385109245777,0.7670136094093323,0.6410602331161499,0,0.006956797093153,-0.6411347389221191,0.7673962116241455,0,-0.000029000000722589903,0.04240899905562401,0,1,0.954446017742157,-0.24373990297317505,-0.17211800813674927,0,0.2681620717048645,0.9536461234092712,0.1365610957145691,0,0.13085420429706573,-0.17649562656879425,0.9755650758743286,0,0.030300000682473183,0.11164599657058716,-0.0014590000500902534,1,0.9998660683631897,0.015550942160189152,0.005149939563125372,0,-0.015468001365661621,0.7927272915840149,0.6093804836273193,0,0.005393942818045616,-0.6093783974647522,0.7928614616394043,0,0.00021300000662449747,0.04402000084519386,0,1,0.9991260170936584,0.04049200937151909,0.010408277623355389,0,-0.03314494714140892,0.6154153347015381,0.7875056862831116,0,0.02548227645456791,-0.7871624827384949,0.6162196397781372,0,-0.0001340000017080456,0.041847001761198044,0,1,0.11437913775444031,0.11918323487043381,0.9862619042396545,0,-0.9294560551643372,-0.33768266439437866,0.14859791100025177,0,0.3507542014122009,-0.933684229850769,0.07215182483196259,0,-0.06413300335407257,0.11212100088596344,0.001088000019080937,1,0.8347882032394409,-0.008023766800761223,-0.5505122542381287,0,0.0868149921298027,0.9893038272857666,0.11722571402788162,0,0.5436833500862122,-0.14565137028694153,0.8265558481216431,0,0,0.13357900083065033,0,1,-0.4430624842643738,-0.8956706523895264,0.03832824528217316,0,0.8947123885154724,-0.43908828496932983,0.08179350197315216,0,-0.05643060430884361,0.07053244858980179,0.9959121346473694,0,0,0.34262698888778687,0,1,0.9444460868835449,-0.21089906990528107,0.25207868218421936,0,0.23897774517536163,0.9671937227249146,-0.08616888523101807,0,-0.22563596069812775,0.14162306487560272,0.9638624787330627,0,0,0.2633880078792572,0,1,0.9233359694480896,-0.2933470904827118,0.24778804183006287,0,0.2337942272424698,0.9413639307022095,0.243255153298378,0,-0.30461689829826355,-0.16667483747005463,0.9377780556678772,0,0.03554899990558624,0.0424639992415905,0.014188000001013279,1,0.974604070186615,0.17273171246051788,-0.14251495897769928,0,-0.15928000211715698,0.9820520281791687,0.10101812332868576,0,0.1574060469865799,-0.07575284689664841,0.9846240282058716,0,0.006397999823093414,0.045285001397132874,0,1,0.9960870742797852,0.0883646160364151,-0.0014301754999905825,0,-0.08823410421609879,0.9934380054473877,-0.07277782261371613,0,-0.005010190419852734,0.07261919975280762,0.9973469972610474,0,0.0006500000017695129,0.04655800014734268,0,1,0.9359851479530334,0.03414525091648102,0.3503808081150055,0,-0.04271544888615608,0.9989470839500427,0.01675812527537346,0,-0.34943923354148865,-0.030651992186903954,0.9364569783210754,0,0.027493000030517578,0.10571800172328949,-0.002265000017359853,1,0.9999359250068665,0.011290949769318104,0.0009320679237134755,0,-0.010257088579237461,0.8672916293144226,0.4976949691772461,0,0.004811071790754795,-0.49767234921455383,0.8673513531684875,0,-0.00020300000323913991,0.04592899978160858,0,1,0.9996650218963623,-0.024217315018177032,-0.00908652413636446,0,0.025041665881872177,0.8181544542312622,0.5744524002075195,0,-0.006477518007159233,-0.5744880437850952,0.8184876441955566,0,0.0005169999785721302,0.04402700066566467,0,1,0.9733240604400635,0.19626514613628387,0.11883090436458588,0,-0.20833884179592133,0.9729871153831482,0.09944997727870941,0,-0.09610234200954437,-0.12155410647392273,0.9879211187362671,0,-0.027493000030517578,0.11250899732112885,-0.002948000095784664,1,0.9998549222946167,-0.01701698824763298,0.0007323022000491619,0,0.01282495353370905,0.7804465293884277,0.6250913143157959,0,-0.01120869442820549,-0.624991238117218,0.780551552772522,0,0.00010099999781232327,0.04639999940991402,0,1,0.9988099932670593,-0.04672503471374512,-0.014001850970089436,0,0.040369946509599686,0.6307375431060791,0.7749456167221069,0,-0.02737785130739212,-0.7745882868766785,0.6318728923797607,0,0.00023299999884329736,0.040674999356269836,0,1,-0.8346690535545349,-0.3833049237728119,0.39548003673553467,0,0.5186527371406555,-0.7886078953742981,0.33029770851135254,0,0.18527397513389587,0.4808062016963959,0.8570289015769958,0,0.09619099646806717,-0.04876000061631203,0.018198000267148018,1,0.9164559245109558,-0.3957260847091675,0.05923031270503998,0,0.33087366819381714,0.6662339568138123,-0.6683230996131897,0,0.22501185536384583,0.632086992263794,0.7415100336074829,0,0,0.3862819969654083,0,1,0.9879649877548218,-0.13586685061454773,0.07392408698797226,0,0.006361138541251421,0.5132153630256653,0.8582368493080139,0,-0.15454494953155518,-0.847437858581543,0.5079031586647034,0,0,0.49035900831222534,0,1,0.9996820092201233,0.024723634123802185,0.00494186207652092,0,-0.021867360919713974,0.752656877040863,0.6580500602722168,0,0.012549862265586853,-0.6579487919807434,0.7529580593109131,0,0,0.14722399413585663,0,1,-0.8512141704559326,0.36636051535606384,-0.37578585743904114,0,-0.49119114875793457,-0.8083183765411377,0.32458093762397766,0,-0.18484088778495789,0.4608703851699829,0.8680047988891602,0,-0.09619099646806717,-0.04876000061631203,0.022193999961018562,1,0.9917830228805542,0.09801630675792694,0.08221881836652756,0,-0.004166639409959316,0.6670721173286438,-0.7449819445610046,0,-0.12786614894866943,0.7385172843933105,0.6619986891746521,0,0,0.3863469958305359,0,1,0.9420561194419861,0.3335977792739868,0.03526797518134117,0,-0.15007810294628143,0.3250993490219116,0.9336957931518555,0,0.3000129759311676,-0.8848859667778015,0.35632720589637756,0,0,0.48982900381088257,0,1,0.9996740221977234,-0.02123977430164814,-0.01413463894277811,0,0.025368230417370796,0.7685621380805969,0.6392717957496643,0,-0.0027146399952471256,-0.6394222378730774,0.7688508033752441,0,0,0.15144699811935425,0,1
