3.633,30,109,49
B0,mixamorig_Hips,-1,0.5234140157699585,0.06987600028514862,0.8492079973220825,0,-0.06022299826145172,0.997173011302948,-0.04493200033903122,0,-0.8499469757080078,-0.02762399986386299,0.5261430144309998,0,-0.5342400074005127,80.18411254882812,0.2786310017108917,1
B1,mixamorig_Spine,0,0.9988219738006592,-0.047380998730659485,-0.010447000153362751,0,0.04836000129580498,0.9896230101585388,0.13530699908733368,0,0.003926999866962433,-0.13565300405025482,0.9907490015029907,0,0,11.346405029296875,-0.6739159822463989,1
B2,mixamorig_Spine1,1,0.9952399730682373,-0.0952799990773201,-0.020455000922083855,0,0.09724900126457214,0.9845430254936218,0.14565999805927277,0,0.006260000169277191,-0.14695599675178528,0.9891229867935181,0,0,13.260808944702148,0,1
B3,mixamorig_Spine2,2,0.9952409863471985,-0.09526299685239792,-0.020493000745773315,0,0.09724099934101105,0.984486997127533,0.1460449993610382,0,0.006262999959290028,-0.1473429948091507,0.9890660047531128,0,0,15.155200958251953,0,1
B4,mixamorig_Neck,3,0.8858399987220764,0.06947500258684158,-0.45875999331474304,0,-0.18930299580097198,0.9568099975585938,-0.22063399851322174,0,0.42361700534820557,0.2822920083999634,0.8607320189476013,0,0,17.04960060119629,0,1
B5,mixamorig_Head,4,0.9014279842376709,-0.05816499888896942,-0.4290049970149994,0,0.05053099989891052,0.9982960224151611,-0.029172999784350395,0,0.42997100949287415,0.0046190000139176846,0.9028310179710388,0,0,8.434432983398438,2.7853739261627197,1
B6,mixamorig_HeadTop_End,5,1,0,0,0,0,1,0,0,0,0,1,0,0,26.593154907226562,8.782084465026855,1
B7,mixamorig_LeftShoulder,3,0.1745319962501526,-0.10639700293540955,-0.9788860082626343,0,0.9225239753723145,-0.3298720121383667,0.2003369927406311,0,-0.3442220091819763,-0.9380109906196594,0.04058000072836876,0,6.87520694732666,14.980978965759277,-0.1508830040693283,1
B8,mixamorig_LeftArm,7,0.905148983001709,-0.0774800032377243,0.41797399520874023,0,-0.0914589986205101,0.9247279763221741,0.36947599053382874,0,-0.41513898968696594,-0.37265801429748535,0.8299310207366943,0,0,14.61878490447998,0,1
B9,mixamorig_LeftForeArm,8,0.7307180166244507,0.6823859810829163,0.01998399943113327,0,-0.6824250221252441,0.7293360233306885,0.0486299991607666,0,0.018609000369906425,-0.04917199909687042,0.9986169934272766,0,0,32.975616455078125,0,1
B10,mixamorig_LeftHand,9,0.8239390254020691,0.31974801421165466,-0.46785300970077515,0,-0.39562299847602844,0.9156699776649475,-0.07093200087547302,0,0.40571901202201843,0.24353699386119843,0.8809549808502197,0,0,25.293554306030273,0,1
B11,mixamorig_LeftHandThumb1,10,0.9255970120429993,0.3415899872779846,-0.16305099427700043,0,-0.2867090106010437,0.9139639735221863,0.28717100620269775,0,0.2471179962158203,-0.21905599534511566,0.9438999891281128,0,-3.130539894104004,4.719610214233398,1.279068946838379,1
B12,mixamorig_LeftHandThumb2,11,0.9405059814453125,-0.30761298537254333,0.1442980021238327,0,0.29687198996543884,0.9505339860916138,0.09138499945402145,0,-0.16527099907398224,-0.04311000183224678,0.9853050112724304,0,-0.4206460118293762,4.625813007354736,0,1
B13,mixamorig_LeftHandThumb3,12,0.9600070118904114,0.2799679934978485,0.002032000105828047,0,-0.27974799275398254,0.9594950079917908,-0.033330999314785004,0,-0.011281999759376049,0.031429000198841095,0.9994419813156128,0,-0.4187909960746765,5.133072853088379,0,1
B14,mixamorig_LeftHandThumb4,13,1,0,0,0,0,1,0,0,0,0,1,0,0.8394370079040527,3.463347911834717,0,1
B15,mixamorig_LeftHandIndex1,10,0.9440529942512512,-0.2120559960603714,-0.2525799870491028,0,0.16191700100898743,0.9652360081672668,-0.20518900454044342,0,0.28731098771095276,0.15281200408935547,0.9455689787864685,0,-2.8876359462738037,12.750489234924316,-0.2908580005168915,1
B16,mixamorig_LeftHandIndex2,15,0.9999880194664001,-0.004029999952763319,0.0027199999894946814,0,0.002044999971985817,0.8561969995498657,0.5166450142860413,0,-0.0044109998270869255,-0.5166329741477966,0.8561959862709045,0,0.004712999798357487,4.165553092956543,0,1
B17,mixamorig_LeftHandIndex3,16,0.9999629855155945,0.006391000002622604,0.005799000151455402,0,-0.008500000461935997,0.845628023147583,0.5337039828300476,0,-0.0014929999597370625,-0.5337340235710144,0.8456509709358215,0,-0.013642000034451485,3.943120002746582,0,1
B18,mixamorig_LeftHandIndex4,17,1,0,0,0,0,1,0,0,0,0,1,0,0.008929000236093998,2.7764620780944824,0,1
B19,mixamorig_LeftHandMiddle1,10,0.9574249982833862,-0.225832998752594,-0.17982499301433563,0,0.22704799473285675,0.9737820029258728,-0.014076000079512596,0,0.178288996219635,-0.027351999655365944,0.983597993850708,0,2.8876349925994873,12.314681053161621,-0.38488200306892395,1
B20,mixamorig_LeftHandMiddle2,19,0.9999970197677612,0.0025939999613910913,-0.00018699999782256782,0,-0.0021550001110881567,0.8668199777603149,0.4986160099506378,0,0.0014550000196322799,-0.49861401319503784,0.8668230175971985,0,-0.00863800011575222,4.504525184631348,0,1
B21,mixamorig_LeftHandMiddle3,20,0.9999600052833557,0.008692000061273575,-0.0018680000212043524,0,-0.004908999893814325,0.7150049805641174,0.699101984500885,0,0.007412000093609095,-0.6990659832954407,0.7150189876556396,0,0.00863100029528141,3.99943208694458,0,1
B22,mixamorig_LeftHandMiddle4,21,1,0,0,0,0,1,0,0,0,0,1,0,0.000007000000096013537,2.4375669956207275,0,1
B23,mixamorig_RightShoulder,3,0.16944299638271332,0.09471700340509415,0.9809780120849609,0,-0.932440996170044,-0.30690398812294006,0.1906919926404953,0,0.31912699341773987,-0.9470160007476807,0.03631500154733658,0,-6.87520694732666,14.977663040161133,-0.09504400193691254,1
B24,mixamorig_RightArm,23,0.659857988357544,0.293520987033844,-0.6916880011558533,0,0.012230999767780304,0.9162269830703735,0.4004729986190796,0,0.7512909770011902,-0.2727150022983551,0.6009899973869324,0,0,14.618783950805664,0,1
B25,mixamorig_RightForeArm,24,-0.3172140121459961,-0.9156990051269531,-0.24671900272369385,0,0.9375230073928833,-0.34199899435043335,0.0639289990067482,0,-0.14291700720787048,-0.21102599799633026,0.96697598695755,0,0,32.97226333618164,0,1
B26,mixamorig_RightHand,25,0.9150890111923218,-0.4032450020313263,0.002213000087067485,0,0.3960320055484772,0.8976609706878662,-0.1932940036058426,0,0.07595899701118469,0.17775799334049225,0.9811379909515381,0,0,25.293704986572266,0,1
B27,mixamorig_RightHandThumb1,26,0.9249529838562012,-0.324413001537323,0.19803600013256073,0,0.2748219966888428,0.9307649731636047,0.24114300310611725,0,-0.26255500316619873,-0.1686220020055771,0.950069010257721,0,3.3768560886383057,4.748579025268555,1.676705002784729,1
B28,mixamorig_RightHandThumb2,27,0.9856089949607849,0.08780500292778015,-0.14444500207901,0,-0.07502499967813492,0.9929590225219727,0.09167099744081497,0,0.15147699415683746,-0.0795150026679039,0.9852570295333862,0,0.8304370045661926,4.779016017913818,0,1
B29,mixamorig_RightHandThumb3,28,0.9994170069694519,0.03182300180196762,-0.01233300007879734,0,-0.032687000930309296,0.9964420199394226,-0.07768800109624863,0,0.009816999547183514,0.07804600149393082,0.9969009757041931,0,-0.04053400084376335,4.714171886444092,0,1
B30,mixamorig_RightHandThumb4,29,1,0,0,0,0,1,0,0,0,0,1,0,-0.7899029850959778,3.133430004119873,0,1
B31,mixamorig_RightHandIndex1,26,0.9395440220832825,0.01614999957382679,0.3420470058917999,0,0.04269399866461754,0.9855679869651794,-0.1638060063123703,0,-0.3397560119628906,0.16850699484348297,0.9252949953079224,0,2.734330892562866,12.659953117370605,-0.2036769986152649,1
B32,mixamorig_RightHandIndex2,31,0.9998769760131836,-0.014756999909877777,-0.005288999993354082,0,0.01566999964416027,0.9508249759674072,0.3093299865722656,0,0.00046400001156143844,-0.30937498807907104,0.9509400129318237,0,0.003576999995857477,3.9942049980163574,0,1
B33,mixamorig_RightHandIndex3,32,0.999809980392456,-0.018357999622821808,-0.0065819998271763325,0,0.01946599967777729,0.9187449812889099,0.3943699896335602,0,-0.001193000003695488,-0.3944230079650879,0.9189280271530151,0,-0.0030449999030679464,4.0164408683776855,0,1
B34,mixamorig_RightHandIndex4,33,1,0,0,0,0,1,0,0,0,0,1,0,-0.0005319999763742089,2.7108449935913086,0,1
B35,mixamorig_RightHandMiddle1,26,0.9835109710693359,0.16509899497032166,0.07381899654865265,0,-0.15919099748134613,0.9840139746665955,-0.0798410028219223,0,-0.0858210027217865,0.06677299737930298,0.9940710067749023,0,-2.734330892562866,12.855645179748535,0.031132999807596207,1
B36,mixamorig_RightHandMiddle2,35,0.9999819993972778,-0.005338999908417463,0.0026420000940561295,0,0.0035669999197125435,0.8918859958648682,0.4522460103034973,0,-0.004770999774336815,-0.45222800970077515,0.8918899893760681,0,-0.014014000073075294,3.495635986328125,0,1
B37,mixamorig_RightHandMiddle3,36,0.9995570182800293,-0.02976199984550476,-0.00003600000127335079,0,0.023148000240325928,0.7766630053520203,0.6294909715652466,0,-0.018706999719142914,-0.6292129755020142,0.777006983757019,0,0.007751000113785267,4.023311138153076,0,1
B38,mixamorig_RightHandMiddle4,37,1,0,0,0,0,1,0,0,0,0,1,0,0.006262999959290028,3.2556300163269043,0,1
B39,mixamorig_LeftUpLeg,0,-0.8891109824180603,-0.26325398683547974,0.37440499663352966,0,0.41210100054740906,-0.816366970539093,0.4046190083026886,0,0.19913500547409058,0.5140439867973328,0.8343279957771301,0,9.219632148742676,-6.2994771003723145,-0.37198200821876526,1
B40,mixamorig_LeftLeg,39,0.9626389741897583,-0.26873698830604553,0.03327399864792824,0,0.2171580046415329,0.6927260160446167,-0.6877310276031494,0,0.16176900267601013,0.6692619919776917,0.7252029776573181,0,0,39.01494598388672,0,1
B41,mixamorig_LeftFoot,40,0.9942799806594849,-0.0711280032992363,-0.07967299968004227,0,0.0988439992070198,0.33021700382232666,0.9387159943580627,0,-0.040460001677274704,-0.9412209987640381,0.33535900712013245,0,0,36.9173583984375,0,1
B42,mixamorig_LeftToeBase,41,0.983551025390625,0.02482300065457821,0.17891700565814972,0,-0.11795700341463089,0.8384119868278503,0.5321189761161804,0,-0.1367969959974289,-0.544471025466919,0.8275489807128906,0,0,14.053741455078125,0,1
B43,mixamorig_LeftToe_End,42,1,0,0,0,0,1,0,0,0,0,1,0,0,5.576911926269531,0,1
B44,mixamorig_RightUpLeg,0,-0.8882229924201965,0.2975029945373535,-0.35007399320602417,0,-0.4274660050868988,-0.8143799901008606,0.3925020098686218,0,-0.16832299530506134,0.4982739984989166,0.8505240082740784,0,-9.219632148742676,-6.2994771003723145,-0.7230679988861084,1
B45,mixamorig_RightLeg,44,0.9926559925079346,-0.026010999456048012,0.11813800036907196,0,0.1063460037112236,0.6530939936637878,-0.7497720122337341,0,-0.057652998715639114,0.7568299770355225,0.6510639786720276,0,0,38.98940658569336,0,1
B46,mixamorig_RightFoot,45,0.9473490118980408,0.2689869999885559,0.17371000349521637,0,-0.21759599447250366,0.14281800389289856,0.965533971786499,0,0.23490700125694275,-0.9524959921836853,0.1938289999961853,0,0,36.91478729248047,0,1
B47,mixamorig_RightToeBase,46,0.9838410019874573,-0.021351000294089317,-0.1777690052986145,0,0.11487500369548798,0.8368449807167053,0.5352510213851929,0,0.13733699917793274,-0.5470229983329773,0.8257750272750854,0,0,13.97432804107666,0,1
B48,mixamorig_RightToe_End,47,1,0,0,0,0,1,0,0,0,0,1,0,0,5.508331775665283,0,1
@40,0,1,2,3,4,5,7,8,9,10,11,12,13,15,16,17,19,20,21,23,24,25,26,27,28,29,31,32,33,35,36,37,39,40,41,42,44,45,46,47
K0,0.5234141945838928,0.0698758065700531,0.8492079377174377,0,-0.06022319570183754,0.997173011302948,-0.044931985437870026,0,-0.8499470949172974,-0.0276239812374115,0.5261428356170654,0,-0.5342400074005127,80.18411254882812,0.2786310017108917,1,0.9988219738006592,-0.047381095588207245,-0.010446700267493725,0,0.048359908163547516,0.9896230697631836,0.13530707359313965,0,0.003927299287170172,-0.13565292954444885,0.9907490015029907,0,0,11.346405029296875,-0.6739159822463989,1,0.9952399730682373,-0.09527968615293503,-0.020454805344343185,0,0.09724931418895721,0.984542965888977,0.14566002786159515,0,0.006260196212679148,-0.14695598185062408,0.9891229867935181,0,0,13.260808944702148,0,1,0.9952409863471985,-0.0952630564570427,-0.02049330249428749,0,0.09724095463752747,0.984486997127533,0.14604505896568298,0,0.006262697745114565,-0.14734292030334473,0.9890660047531128,0,0,15.155200958251953,0,1,0.885840117931366,0.06947477906942368,-0.45875978469848633,0,-0.1893032193183899,0.9568097591400146,-0.22063447535037994,0,0.4236171841621399,0.2822915017604828,0.8607320785522461,0,0,17.04960060119629,0,1,0.9014279842376709,-0.05816473439335823,-0.42900514602661133,0,0.05053126811981201,0.9982960224151611,-0.029172901064157486,0,0.429970920085907,0.0046190982684493065,0.9028310775756836,0,0,8.434432983398438,2.7853739261627197,1,0.17453239858150482,-0.1063966453075409,-0.9788859486579895,0,0.9225237965583801,-0.32987210154533386,0.2003374993801117,0,-0.34422236680984497,-0.9380108714103699,0.040580082684755325,0,6.87520694732666,14.980978965759277,-0.1508830040693283,1,0.9051490426063538,-0.07747960835695267,0.4179738163948059,0,-0.09145860373973846,0.9247280955314636,0.3694758415222168,0,-0.4151391386985779,-0.3726581633090973,0.8299309015274048,0,0,14.61878490447998,0,1,0.7307180762290955,0.6823859214782715,0.019984107464551926,0,-0.6824251413345337,0.7293359637260437,0.048629701137542725,0,0.01860910840332508,-0.049172293394804,0.9986169338226318,0,0,32.975616455078125,0,1,0.8239388465881348,0.3197478652000427,-0.4678533375263214,0,-0.395623117685318,0.9156699776649475,-0.07093195617198944,0,0.4057186245918274,0.243537038564682,0.880955159664154,0,0,25.293554306030273,0,1,0.925597071647644,0.3415897786617279,-0.16305124759674072,0,-0.2867092192173004,0.9139639735221863,0.28717076778411865,0,0.24711774289608002,-0.21905626356601715,0.9438999891281128,0,-3.130539894104004,4.719610214233398,1.279068946838379,1,0.9405059814453125,-0.30761295557022095,0.144297793507576,0,0.29687198996543884,0.9505339860916138,0.09138491004705429,0,-0.16527119278907776,-0.04311009868979454,0.9853049516677856,0,-0.4206460118293762,4.625813007354736,0,1,0.9600070118904114,0.27996790409088135,0.002032388234511018,0,-0.27974802255630493,0.959494948387146,-0.03333078324794769,0,-0.011281611397862434,0.031429216265678406,0.999441921710968,0,-0.4187909960746765,5.133072853088379,0,1,0.9440529346466064,-0.21205636858940125,-0.25258007645606995,0,0.1619166135787964,0.9652361273765564,-0.20518885552883148,0,0.2873108983039856,0.1528121531009674,0.9455689787864685,0,-2.8876359462738037,12.750489234924316,-0.2908580005168915,1,0.9999880194664001,-0.004029895178973675,0.0027200623881071806,0,0.0020451040472835302,0.8561972379684448,0.5166446566581726,0,-0.004410936962813139,-0.5166332721710205,0.8561958074569702,0,0.004712999798357487,4.165553092956543,0,1,0.9999629855155945,0.0063911485485732555,0.005799101199954748,0,-0.008499852381646633,0.8456278443336487,0.5337041616439819,0,-0.0014928990276530385,-0.5337338447570801,0.8456510305404663,0,-0.013642000034451485,3.943120002746582,0,1,0.9574249982833862,-0.22583328187465668,-0.17982490360736847,0,0.22704772651195526,0.9737820029258728,-0.014076060615479946,0,0.17828907072544098,-0.02735205739736557,0.9835979342460632,0,2.8876349925994873,12.314681053161621,-0.38488200306892395,1,0.9999969601631165,0.002593784360215068,-0.000186786986887455,0,-0.00215521571226418,0.8668199777603149,0.49861598014831543,0,0.0014552130596712232,-0.498614102602005,0.8668230175971985,0,-0.00863800011575222,4.504525184631348,0,1,0.9999600052833557,0.008691905997693539,-0.0018679037457332015,0,-0.0049090939573943615,0.7150047421455383,0.6991022825241089,0,0.00741209601983428,-0.6990655660629272,0.7150192260742188,0,0.00863100029528141,3.99943208694458,0,1,0.1694437861442566,0.09471666067838669,0.9809778928756714,0,-0.932440996170044,-0.3069036900997162,0.19069260358810425,0,0.31912752985954285,-0.9470159411430359,0.036314766854047775,0,-6.87520694732666,14.977663040161133,-0.09504400193691254,1,0.6598579287528992,0.29352080821990967,-0.6916881799697876,0,0.012230806984007359,0.9162270426750183,0.40047281980514526,0,0.7512909173965454,-0.2727152109146118,0.6009899377822876,0,0,14.618783950805664,0,1,-0.3172141909599304,-0.9156988859176636,-0.24671946465969086,0,0.9375230669975281,-0.3419990539550781,0.06392890959978104,0,-0.1429174691438675,-0.21102607250213623,0.9669758677482605,0,0,32.97226333618164,0,1,0.9150891304016113,-0.4032447934150696,0.0022126827389001846,0,0.3960322141647339,0.8976608514785767,-0.1932941973209381,0,0.07595867663621902,0.17775778472423553,0.9811380505561829,0,0,25.293704986572266,0,1,0.9249528646469116,-0.32441312074661255,0.19803602993488312,0,0.27482184767723083,0.93076491355896,0.24114342033863068,0,-0.26255494356155396,-0.16862159967422485,0.9500690698623657,0,3.3768560886383057,4.748579025268555,1.676705002784729,1,0.9856089949607849,0.08780498802661896,-0.14444491267204285,0,-0.07502501457929611,0.9929590225219727,0.09167110919952393,0,0.15147706866264343,-0.07951489835977554,0.9852569699287415,0,0.8304370045661926,4.779016017913818,0,1,0.9994170069694519,0.03182302042841911,-0.012333076447248459,0,-0.0326869823038578,0.9964419603347778,-0.07768808305263519,0,0.00981692411005497,0.07804591208696365,0.9969010353088379,0,-0.04053400084376335,4.714171886444092,0,1,0.9395440816879272,0.01614982634782791,0.3420470058917999,0,0.04269382730126381,0.9855679273605347,-0.16380639374256134,0,-0.339756041765213,0.16850663721561432,0.9252950549125671,0,2.734330892562866,12.659953117370605,-0.2036769986152649,1,0.9998769760131836,-0.014757360331714153,-0.005288990214467049,0,0.01566963642835617,0.9508249759674072,0.30932995676994324,0,0.00046401022700592875,-0.30937501788139343,0.9509400129318237,0,0.003576999995857477,3.9942049980163574,0,1,0.9998099207878113,-0.018358150497078896,-0.006581855472177267,0,0.019465845078229904,0.9187450408935547,0.39436987042427063,0,-0.0011928555322811007,-0.39442312717437744,0.9189279675483704,0,-0.0030449999030679464,4.0164408683776855,0,1,0.9835109114646912,0.16509906947612762,0.07381919771432877,0,-0.15919090807437897,0.9840139746665955,-0.07984092086553574,0,-0.08582079410552979,0.06677307933568954,0.9940709471702576,0,-2.734330892562866,12.855645179748535,0.031132999807596207,1,0.9999819993972778,-0.005339005496352911,0.002642048057168722,0,0.0035669945646077394,0.8918861746788025,0.4522456228733063,0,-0.004770951811224222,-0.4522283673286438,0.8918898105621338,0,-0.014014000073075294,3.495635986328125,0,1,0.9995570182800293,-0.02976202964782715,-0.000035980156098958105,0,0.02314796671271324,0.7766628861427307,0.6294911503791809,0,-0.018706979230046272,-0.6292127370834351,0.7770071625709534,0,0.007751000113785267,4.023311138153076,0,1,-0.889110803604126,-0.2632540166378021,0.3744053542613983,0,0.41210097074508667,-0.8163670301437378,0.4046190083026886,0,0.19913463294506073,0.5140439867973328,0.8343280553817749,0,9.219632148742676,-6.2994771003723145,-0.37198200821876526,1,0.9626389145851135,-0.2687370479106903,0.03327396139502525,0,0.21715795993804932,0.6927260756492615,-0.6877310872077942,0,0.16176897287368774,0.6692619919776917,0.7252029776573181,0,0,39.01494598388672,0,1,0.9942799210548401,-0.07112845033407211,-0.07967299968004227,0,0.09884355217218399,0.33021724224090576,0.938715934753418,0,-0.040459997951984406,-0.9412210583686829,0.33535876870155334,0,0,36.9173583984375,0,1,0.983551025390625,0.024822888895869255,0.17891676723957062,0,-0.11795711517333984,0.8384118676185608,0.5321191549301147,0,-0.1367972195148468,-0.5444709062576294,0.8275490403175354,0,0,14.053741455078125,0,1,-0.8882230520248413,0.29750293493270874,-0.35007402300834656,0,-0.4274660348892212,-0.8143801093101501,0.3925018310546875,0,-0.16832296550273895,0.49827417731285095,0.8505239486694336,0,-9.219632148742676,-6.2994771003723145,-0.7230679988861084,1,0.9926559329032898,-0.026011375710368156,0.11813821643590927,0,0.10634562373161316,0.6530938744544983,-0.7497721910476685,0,-0.057652782648801804,0.7568297386169434,0.6510642170906067,0,0,38.98940658569336,0,1,0.947348952293396,0.26898708939552307,0.1737101525068283,0,-0.2175959348678589,0.1428181380033493,0.965533971786499,0,0.2349071502685547,-0.9524959325790405,0.19382905960083008,0,0,36.91478729248047,0,1,0.9838409423828125,-0.021351102739572525,-0.17776905000209808,0,0.11487489193677902,0.8368449807167053,0.5352509617805481,0,0.13733692467212677,-0.5470229983329773,0.8257750272750854,0,0,13.97432804107666,0,1
K0.033,0.5162238478660583,0.06145515665411949,0.8542460799217224,0,-0.029963526874780655,0.9981080889701843,-0.05369763821363449,0,-0.8559296727180481,0.0021237756591290236,0.5170884728431702,0,-0.8413479924201965,80.04911041259766,0.566835880279541,1,0.9993599653244019,-0.03567402809858322,0.0028151373844593763,0,0.0350724458694458,0.9920470118522644,0.12088584899902344,0,-0.0071052247658371925,-0.12070959806442261,0.9926620721817017,0,0,11.346405029296875,-0.6739159822463989,1,0.997169017791748,-0.07488789409399033,0.0068343644961714745,0,0.07366017252206802,0.9910120964050293,0.11166568845510483,0,-0.015135334804654121,-0.11084606498479843,0.9937220811843872,0,0,13.260808944702148,0,1,0.9970460534095764,-0.07667019218206406,0.004508613608777523,0,0.07568395137786865,0.9908120632171631,0.11208855360746384,0,-0.01306104101240635,-0.11141622811555862,0.9936881065368652,0,0,15.155200958251953,0,1,0.8947719931602478,0.15080034732818604,-0.4202883243560791,0,-0.1581096202135086,0.9872639775276184,0.017625251784920692,0,0.4175935387611389,0.050681062042713165,0.907219409942627,0,0,17.04960060119629,0,1,0.8929558396339417,-0.152377188205719,-0.423568993806839,0,0.17677998542785645,0.9840736389160156,0.01866602525115013,0,0.41397857666015625,-0.09154640883207321,0.9056710600852966,0,0,8.434432983398438,2.7853739261627197,1,0.1659116894006729,-0.1255393922328949,-0.9781169295310974,0,0.8985335826873779,-0.3894510269165039,0.20239773392677307,0,-0.40633779764175415,-0.9124516844749451,0.048186950385570526,0,6.87520694732666,14.980978965759277,-0.1508830040693283,1,0.9244552254676819,-0.1497689038515091,0.3506459891796112,0,0.028315188363194466,0.9440531134605408,0.32857546210289,0,-0.38023871183395386,-0.29382461309432983,0.8769752979278564,0,0,14.61878490447998,0,1,0.6639410257339478,0.7433886528015137,-0.08096785098314285,0,-0.7311027646064758,0.6680560111999512,0.13852569460868835,0,0.15706956386566162,-0.0327770859003067,0.9870437383651733,0,0,32.975616455078125,0,1,0.9607236981391907,0.20802780985832214,-0.1836676448583603,0,-0.2567685544490814,0.9174153208732605,-0.30400413274765015,0,0.10525825619697571,0.3392241895198822,0.9347981214523315,0,0,25.293554306030273,0,1,0.9354391098022461,0.30852052569389343,-0.17253842949867249,0,-0.2525058388710022,0.9247829914093018,0.28463616967201233,0,0.24737665057182312,-0.2226928025484085,0.9429811835289001,0,-3.130539894104004,4.719610214233398,1.279068946838379,1,0.9291690587997437,-0.3416110575199127,0.14123395085334778,0,0.33042359352111816,0.9388368129730225,0.0969858467578888,0,-0.16572700440883636,-0.04344920068979263,0.9852139949798584,0,-0.4206460118293762,4.625813007354736,0,1,0.9694470167160034,0.24528001248836517,0.00329904118552804,0,-0.24504123628139496,0.9689481854438782,-0.03307802602648735,0,-0.01130997110158205,0.031258970499038696,0.9994469881057739,0,-0.4187909960746765,5.133072853088379,0,1,0.944193959236145,-0.21113091707229614,-0.252827525138855,0,0.1796412616968155,0.9734281301498413,-0.14201205968856812,0,0.27609238028526306,0.08866862952709198,0.9570322632789612,0,-2.8876359462738037,12.750489234924316,-0.2908580005168915,1,0.9999899864196777,-0.0033723434899002314,0.0028270159382373095,0,0.0011486406438052654,0.8201864361763,0.5720947980880737,0,-0.004247983451932669,-0.5720862746238708,0.8201826810836792,0,0.004712999798357487,4.165553092956543,0,1,0.9999570250511169,0.006907026283442974,0.006116785574704409,0,-0.00918398704379797,0.8085033893585205,0.5884198546409607,0,-0.0008812109008431435,-0.5884513258934021,0.8085327744483948,0,-0.013642000034451485,3.943120002746582,0,1,0.9577630162239075,-0.2251560389995575,-0.17887207865715027,0,0.2375800609588623,0.9700239300727844,0.05109042674303055,0,0.16200676560401917,-0.09142889082431793,0.9825449585914612,0,2.8876349925994873,12.314681053161621,-0.38488200306892395,1,0.9999939203262329,0.0034741207491606474,0.0002802804810926318,0,-0.003045897465199232,0.8319737911224365,0.5548062920570374,0,0.0016942782094702125,-0.5548038482666016,0.8319794535636902,0,-0.00863800011575222,4.504525184631348,0,1,0.9999539256095886,0.009524848312139511,-0.0012827557511627674,0,-0.0054001640528440475,0.6672382950782776,0.7448246479034424,0,0.00795024260878563,-0.7447831034660339,0.6672587990760803,0,0.00863100029528141,3.99943208694458,0,1,0.13730131089687347,0.10325110703706741,0.9851331114768982,0,-0.9343510270118713,-0.31667765974998474,0.16341443359851837,0,0.32884225249290466,-0.9428969621658325,0.05299244448542595,0,-6.87520694732666,14.977663040161133,-0.09504400193691254,1,0.7302628755569458,0.17679853737354279,-0.6598933935165405,0,0.049036089330911636,0.9498766660690308,0.3087559640407562,0,0.6814044713973999,-0.2578314244747162,0.6849896907806396,0,0,14.618783950805664,0,1,-0.29922640323638916,-0.9316597580909729,-0.2060932219028473,0,0.9386855363845825,-0.32618701457977295,0.11167680472135544,0,-0.17126968502998352,-0.16004003584384918,0.9721390604972839,0,0,32.97226333618164,0,1,0.9238447546958923,-0.27493321895599365,0.26631349325180054,0,0.31676483154296875,0.9397304654121399,-0.1287143975496292,0,-0.21487489342689514,0.20327074825763702,0.9552536606788635,0,0,25.293704986572266,0,1,0.9291781187057495,-0.30973777174949646,0.20172086358070374,0,0.2596539258956909,0.9353560209274292,0.2401849925518036,0,-0.2630751430988312,-0.17079700529575348,0.949536919593811,0,3.3768560886383057,4.748579025268555,1.676705002784729,1,0.9842349290847778,0.10354223847389221,-0.14338801801204681,0,-0.09044107049703598,0.9913539886474609,0.09506897628307343,0,0.15199196338653564,-0.08060206472873688,0.9850899577140808,0,0.8304370045661926,4.779016017913818,0,1,0.9987720251083374,0.04760247841477394,-0.013762986287474632,0,-0.04852081462740898,0.9958760142326355,-0.07665969431400299,0,0.010057028383016586,0.07723327726125717,0.9969619512557983,0,-0.04053400084376335,4.714171886444092,0,1,0.9392839670181274,0.009599226526916027,0.34300610423088074,0,0.012460004538297653,0.9979950785636902,-0.06204981356859207,0,-0.34291398525238037,0.06255624443292618,0.93728107213974,0,2.734330892562866,12.659953117370605,-0.2036769986152649,1,0.9997569918632507,-0.020685143768787384,-0.00758907338604331,0,0.02197996713221073,0.9123414754867554,0.4088391363620758,0,-0.0015330711612477899,-0.4089067280292511,0.9125747084617615,0,0.003576999995857477,3.9942049980163574,0,1,0.9996659159660339,-0.024209080263972282,-0.009064990095794201,0,0.02554503083229065,0.8713616132736206,0.48997658491134644,0,-0.003962994087487459,-0.49004414677619934,0.8716883659362793,0,-0.0030449999030679464,4.0164408683776855,0,1,0.9842100739479065,0.1617637276649475,0.07185287028551102,0,-0.16403527557849884,0.9860879182815552,0.02688705176115036,0,-0.06650391966104507,-0.038248926401138306,0.9970530271530151,0,-2.734330892562866,12.855645179748535,0.031132999807596207,1,0.9999589920043945,-0.008992702700197697,0.001164945075288415,0,0.006906360387802124,0.8385394215583801,0.544796884059906,0,-0.005876051262021065,-0.5447667241096497,0.8385674953460693,0,-0.014014000073075294,3.495635986328125,0,1,0.9994519948959351,-0.03301306068897247,-0.0022630745079368353,0,0.02489197812974453,0.7050042152404785,0.7087668776512146,0,-0.021803081035614014,-0.7084345817565918,0.7054393887519836,0,0.007751000113785267,4.023311138153076,0,1,-0.8818509578704834,-0.28743329644203186,0.37379202246665955,0,0.4269869923591614,-0.8231043219566345,0.3744094967842102,0,0.20005199313163757,0.489777535200119,0.8485852479934692,0,9.219632148742676,-6.2994771003723145,-0.37198200821876526,1,0.9609190821647644,-0.27453312277793884,0.035592593252658844,0,0.21986804902553558,0.6787371039390564,-0.700695812702179,0,0.1682060956954956,0.6811371445655823,0.712571918964386,0,0,39.01494598388672,0,1,0.994350016117096,-0.06955093145370483,-0.08018891513347626,0,0.0980670154094696,0.3127880096435547,0.9447469711303711,0,-0.04062589630484581,-0.9472732543945312,0.31784147024154663,0,0,36.9173583984375,0,1,0.983551025390625,0.02482299692928791,0.17891667783260345,0,-0.11795699596405029,0.838412880897522,0.5321181416511536,0,-0.13679729402065277,-0.5444698929786682,0.8275500535964966,0,0,14.053741455078125,0,1,-0.8863160014152527,0.30246683955192566,-0.3506550192832947,0,-0.4265493154525757,-0.82802414894104,0.3639121949672699,0,-0.18027929961681366,0.47211238741874695,0.8629072308540344,0,-9.219632148742676,-6.2994771003723145,-0.7230679988861084,1,0.991409957408905,-0.009433995932340622,0.13045290112495422,0,0.10517396777868271,0.6504181623458862,-0.7522598505020142,0,-0.07775209099054337,0.7595179080963135,0.645823061466217,0,0,38.98940658569336,0,1,0.9493169188499451,0.2618412971496582,0.17388713359832764,0,-0.21446774899959564,0.1351616531610489,0.9673340916633606,0,0.22978517413139343,-0.9556000828742981,0.18446779251098633,0,0,36.91478729248047,0,1,0.9838409423828125,-0.021351095288991928,-0.17776905000209808,0,0.11487488448619843,0.8368449807167053,0.5352509617805481,0,0.13733692467212677,-0.5470229983329773,0.8257750272750854,0,0,13.97432804107666,0,1
K0.067,0.5309168696403503,0.05753003805875778,0.8454691171646118,0,-0.0036082675214856863,0.9978370070457458,-0.06563208997249603,0,-0.8474159836769104,0.03179449960589409,0.529975950717926,0,-2.623727560043335,80.23345947265625,1.7418925762176514,1,0.9996910095214844,-0.010709531605243683,0.02241579070687294,0,0.008566970005631447,0.9955739378929138,0.09358620643615723,0,-0.023318860679864883,-0.09336532652378082,0.995358943939209,0,0,11.346405029296875,-0.6739159822463989,1,0.9985619783401489,-0.029269060119986534,0.044917646795511246,0,0.02704184129834175,0.998412013053894,0.0494154691696167,0,-0.04629267752170563,-0.04812976345419884,0.997767984867096,0,0,13.260808944702148,0,1,0.9986169934272766,-0.03372158110141754,0.04032675176858902,0,0.03169326111674309,0.9982499480247498,0.04992065578699112,0,-0.041939616203308105,-0.0485735684633255,0.9979389309883118,0,0,15.155200958251953,0,1,0.912699818611145,0.26050248742103577,-0.31483015418052673,0,-0.13408376276493073,0.918713390827179,0.37146663665771484,0,0.38600635528564453,-0.2968236804008484,0.8734379410743713,0,0,17.04960060119629,0,1,0.8615772724151611,-0.2807110548019409,-0.42294904589653015,0,0.354417085647583,0.9291388392448425,0.10530389100313187,0,0.3634185492992401,-0.24062791466712952,0.9000141024589539,0,0,8.434432983398438,2.7853739261627197,1,0.15283699333667755,-0.15059415996074677,-0.9767100214958191,0,0.8481158018112183,-0.48733603954315186,0.20785436034202576,0,-0.5072875022888184,-0.8601308465003967,0.05323830991983414,0,6.87520694732666,14.980978965759277,-0.1508830040693283,1,0.9337729215621948,-0.2335919737815857,0.27111396193504333,0,0.1511320024728775,0.9441169500350952,0.29292169213294983,0,-0.3243873715400696,-0.2325482964515686,0.9168938994407654,0,0,14.61878490447998,0,1,0.5488232970237732,0.8185751438140869,-0.16949260234832764,0,-0.7814507484436035,0.5743979215621948,0.24372467398643494,0,0.29686328768730164,-0.0013116525951772928,0.9549194574356079,0,0,32.975616455078125,0,1,0.9968280792236328,0.0599895603954792,0.05230257287621498,0,-0.03583309054374695,0.9250732064247131,-0.37809428572654724,0,-0.07106540352106094,0.37502071261405945,0.9242882132530212,0,0,25.293554306030273,0,1,0.9442148804664612,0.27434054017066956,-0.182197704911232,0,-0.21719713509082794,0.9346058964729309,0.2816694676876068,0,0.24755620956420898,-0.2263835072517395,0.942054033279419,0,-3.130539894104004,4.719610214233398,1.279068946838379,1,0.9163801074028015,-0.37590262293815613,0.13764317333698273,0,0.36428770422935486,0.9256210923194885,0.10256507992744446,0,-0.16595984995365143,-0.04384686052799225,0.9851570725440979,0,-0.4206460118293762,4.625813007354736,0,1,0.9778010249137878,0.2094871997833252,0.004552076570689678,0,-0.20923049747943878,0.9773159027099609,-0.03281394764780998,0,-0.011322912760078907,0.031133059412240982,0.9994509816169739,0,-0.4187909960746765,5.133072853088379,0,1,0.9443569779396057,-0.21017318964004517,-0.25301796197891235,0,0.1969546526670456,0.9774010181427002,-0.07678495347499847,0,0.2634381055831909,0.022679336369037628,0.9644099473953247,0,-2.8876359462738037,12.750489234924316,-0.2908580005168915,1,0.9999920129776001,-0.00270820246078074,0.002980973804369569,0,0.00024481257423758507,0.7796643376350403,0.6261974573135376,0,-0.004020026419311762,-0.6261914968490601,0.7796584367752075,0,0.004712999798357487,4.165553092956543,0,1,0.9999520778656006,0.007410178892314434,0.006475816015154123,0,-0.009838812053203583,0.7668953537940979,0.641696572303772,0,-0.0002111872163368389,-0.6417295336723328,0.7669315338134766,0,-0.013642000034451485,3.943120002746582,0,1,0.9581000804901123,-0.22453176975250244,-0.1778501272201538,0,0.24721118807792664,0.9618120193481445,0.1174904927611351,0,0.14467808604240417,-0.15653422474861145,0.977019190788269,0,2.8876349925994873,12.314681053161621,-0.38488200306892395,1,0.9999899864196777,0.0043388488702476025,0.0008170226938091218,0,-0.0039371345192193985,0.7925884127616882,0.6097435355186462,0,0.001998024992644787,-0.6097413897514343,0.7925984859466553,0,-0.00863800011575222,4.504525184631348,0,1,0.9999459981918335,0.010334894992411137,-0.000630817434284836,0,-0.005863092839717865,0.6153895854949951,0.7882014513015747,0,0.008534182794392109,-0.7881556749343872,0.6154173612594604,0,0.00863100029528141,3.99943208694458,0,1,0.07571713626384735,0.11798524856567383,0.9901239275932312,0,-0.9335291385650635,-0.3405676484107971,0.11197192221879959,0,0.35041528940200806,-0.9327878355979919,0.0843559131026268,0,-6.87520694732666,14.977663040161133,-0.09504400193691254,1,0.8330049514770508,0.026822540909051895,-0.5526145696640015,0,0.06155488267540932,0.988129734992981,0.1407485157251358,0,0.5498301982879639,-0.1512603461742401,0.8214659690856934,0,0,14.618783950805664,0,1,-0.41449421644210815,-0.897041380405426,-0.15333512425422668,0,0.8752777576446533,-0.4390878975391388,0.20270918309688568,0,-0.24916598200798035,-0.050189025700092316,0.9671592116355896,0,0,32.97226333618164,0,1,0.8904935717582703,-0.17333395779132843,0.42068636417388916,0,0.22703994810581207,0.9705356955528259,-0.08070339262485504,0,-0.39430251717567444,0.16737845540046692,0.903609573841095,0,0,25.293704986572266,0,1,0.9328789114952087,-0.29606014490127563,0.20514598488807678,0,0.2455231100320816,0.9394070506095886,0.23923277854919434,0,-0.2635429799556732,-0.17280720174312592,0.9490429759025574,0,3.3768560886383057,4.748579025268555,1.676705002784729,1,0.9827940464019775,0.11810491234064102,-0.14200885593891144,0,-0.10474880784749985,0.9896450638771057,0.09813080728054047,0,0.15212814509868622,-0.08156714588403702,0.9849889278411865,0,0.8304370045661926,4.779016017913818,0,1,0.9979480504989624,0.062233731150627136,-0.0150709617882967,0,-0.06320098787546158,0.9951249957084656,-0.07570593804121017,0,0.010286024771630764,0.07650306820869446,0.9970160126686096,0,-0.04053400084376335,4.714171886444092,0,1,0.9392220377922058,0.003459910163655877,0.3432917892932892,0,-0.015744876116514206,0.9993310570716858,0.03300498425960541,0,-0.34294819831848145,-0.03640412166714668,0.9386489391326904,0,2.734330892562866,12.659953117370605,-0.2036769986152649,1,0.9996110200881958,-0.02593572810292244,-0.01027585193514824,0,0.027612168341875076,0.8673083782196045,0.4970051646232605,0,-0.0039778538048267365,-0.49709513783454895,0.8676864504814148,0,0.003576999995857477,3.9942049980163574,0,1,0.9994980692863464,-0.029371049255132675,-0.011913184076547623,0,0.030889851972460747,0.8184874653816223,0.5736932754516602,0,-0.007099180482327938,-0.5737731456756592,0.8189836740493774,0,-0.0030449999030679464,4.0164408683776855,0,1,0.9848349690437317,0.15887130796909332,0.06971284002065659,0,-0.1666596680879593,0.9779742360115051,0.12566165626049042,0,-0.04821334406733513,-0.13537436723709106,0.9896209836006165,0,-2.734330892562866,12.855645179748535,0.031132999807596207,1,0.9999250173568726,-0.012221996672451496,-0.0005460271495394409,0,0.009880944155156612,0.7804675698280334,0.6251172423362732,0,-0.007214030250906944,-0.6250762939453125,0.7805305123329163,0,-0.014014000073075294,3.495635986328125,0,1,0.9993479251861572,-0.035800132900476456,-0.004629092290997505,0,0.02620583027601242,0.6313039064407349,0.7750932574272156,0,-0.024826085194945335,-0.7747094035148621,0.631830632686615,0,0.007751000113785267,4.023311138153076,0,1,-0.8773611187934875,-0.30953478813171387,0.3666408956050873,0,0.4324749708175659,-0.8411160707473755,0.3247920572757721,0,0.20785307884216309,0.44352293014526367,0.8718284964561462,0,9.219632148742676,-6.2994771003723145,-0.37198200821876526,1,0.9555431008338928,-0.2944016754627228,0.016281338408589363,0,0.22084710001945496,0.6780349612236023,-0.7010670304298401,0,0.1953558772802353,0.6734950542449951,0.712908923625946,0,0,39.01494598388672,0,1,0.9946140646934509,-0.06480186432600021,-0.08088842779397964,0,0.0962442010641098,0.28784802556037903,0.9528279304504395,0,-0.03846144676208496,-0.9554808735847473,0.2925344407558441,0,0,36.9173583984375,0,1,0.9835519790649414,0.024792363867163658,0.17891521751880646,0,-0.11796063184738159,0.838295042514801,0.532302975654602,0,-0.1367867887020111,-0.5446529984474182,0.8274319171905518,0,0,14.053741455078125,0,1,-0.8783339858055115,0.32240748405456543,-0.3529621958732605,0,-0.43031933903694153,-0.8548195958137512,0.29001373052597046,0,-0.20821648836135864,0.40661558508872986,0.889555811882019,0,-9.219632148742676,-6.2994771003723145,-0.7230679988861084,1,0.9914769530296326,-0.008944866247475147,0.129974365234375,0,0.10283416509628296,0.6662636995315552,-0.738592267036438,0,-0.07999060302972794,0.745663046836853,0.6615049839019775,0,0,38.98940658569336,0,1,0.9472151398658752,0.2668437659740448,0.17769944667816162,0,-0.21311621367931366,0.11000306159257889,0.9708150029182434,0,0.23950839042663574,-0.9574410915374756,0.1610652655363083,0,0,36.91478729248047,0,1,0.9838520288467407,-0.02096405066549778,-0.1777537763118744,0,0.11452795565128326,0.8369278311729431,0.5351962447166443,0,0.13754719495773315,-0.5469117164611816,0.8258141279220581,0,0,13.97432804107666,0,1
