7.367,30,221,49
B0,mixamorig_Hips,-1,0.9995530247688293,0.00948300026357174,0.028349999338388443,0,-0.007418000139296055,0.9973719716072083,-0.07206699997186661,0,-0.02895900048315525,0.07182399928569794,0.9969969987869263,0,-0.0008149999775923789,0.8613880276679993,0.023282000795006752,1
B1,mixamorig_Spine,0,0.9987720251083374,-0.03794600069522858,-0.03185399994254112,0,0.03641299903392792,0.9982119798660278,-0.047405000776052475,0,0.03359600156545639,0.04618699848651886,0.9983680248260498,0,0,0.12067200243473053,-0.012910000048577785,1
B2,mixamorig_Spine1,1,0.9999470114707947,-0.003467000089585781,-0.009674999862909317,0,0.003587000072002411,0.9999169707298279,0.012368000112473965,0,0.009631000459194183,-0.012401999905705452,0.9998769760131836,0,0,0.1415880024433136,0,1
B3,mixamorig_Spine2,2,0.9999470114707947,-0.003544999985024333,-0.009618000127375126,0,0.003662999952211976,0.9999169707298279,0.012356000021100044,0,0.009573999792337418,-0.012391000054776669,0.9998769760131836,0,0,0.16181500256061554,0,1
B4,mixamorig_Neck,3,0.999908983707428,0.0007089999853633344,0.013435999862849712,0,-0.002736999886110425,0.9884520173072815,0.15150800347328186,0,-0.013174000196158886,-0.15153199434280396,0.9883649945259094,0,0,0.1820410043001175,0,1
B5,mixamorig_Head,4,0.9918280243873596,-0.030976999551057816,0.12376099824905396,0,-0.010804999619722366,0.9461929798126221,0.32342201471328735,0,-0.1271210014820099,-0.32211700081825256,0.9381260275840759,0,0,0.10538700222969055,0.02997799962759018,1
B6,mixamorig_HeadTop_End,5,1,0,0,0,0,1,0,0,0,0,1,0,0,0.2861790060997009,0.08140499889850616,1
B7,mixamorig_LeftShoulder,3,0.018949000164866447,0.057402998208999634,-0.9981709718704224,0,0.8750219941139221,-0.48395299911499023,-0.011219999752938747,0,-0.48371198773384094,-0.8732089996337891,-0.05939900130033493,0,0.06666199862957001,0.16139599680900574,-0.0025710000190883875,1
B8,mixamorig_LeftArm,7,0.9915149807929993,0.1259710043668747,0.03207400068640709,0,-0.11192700266838074,0.7018610239028931,0.70346599817276,0,0.06610500067472458,-0.7010869979858398,0.710004985332489,0,0,0.13974399864673615,0,1
B9,mixamorig_LeftForeArm,8,0.9580489993095398,0.28649500012397766,0.007859000004827976,0,-0.2865940034389496,0.9574440121650696,0.03411899879574776,0,0.0022499999031424522,-0.034940000623464584,0.9993870258331299,0,0,0.3133459985256195,0,1
B10,mixamorig_LeftHand,9,0.8646420240402222,0.32914999127388,-0.37954598665237427,0,-0.18491700291633606,0.9109539985656738,0.3687399923801422,0,0.4671199917793274,-0.24864399433135986,0.8485140204429626,0,0,0.2392529994249344,0,1
B11,mixamorig_LeftHandThumb1,10,0.8955360054969788,0.42780300974845886,-0.12247499823570251,0,-0.3435969948768616,0.8396720290184021,0.4205850064754486,0,0.28276699781417847,-0.33456599712371826,0.8989490270614624,0,-0.03409099951386452,0.06742600351572037,0.0117790000513196,1
B12,mixamorig_LeftHandThumb2,11,0.8802649974822998,-0.4514029920101166,-0.14618100225925446,0,0.44461700320243835,0.8923130035400391,-0.07806400209665298,0,0.1656769961118698,0.003722999943420291,0.9861729741096497,0,-0.0008909999742172658,0.061167001724243164,0,1
B13,mixamorig_LeftHandThumb3,12,0.9952359795570374,-0.013310999609529972,0.09657800197601318,0,0.0441880002617836,0.9446240067481995,-0.3251670002937317,0,-0.08690100163221359,0.3278859853744507,0.9407119750976562,0,-0.0006210000137798488,0.051858000457286835,0,1
B14,mixamorig_LeftHandThumb4,13,1,0,0,0,0,1,0,0,0,0,1,0,0.001512999995611608,0.037324998527765274,0,1
B15,mixamorig_LeftHandIndex1,10,0.9854919910430908,-0.16943299770355225,0.009933000430464745,0,0.14748799800872803,0.8838739991188049,0.44386300444602966,0,-0.08398500084877014,-0.43595901131629944,0.8960390090942383,0,-0.027854999527335167,0.1652739942073822,-0.003198999911546707,1
B16,mixamorig_LeftHandIndex2,15,0.9988710284233093,-0.04703500121831894,-0.00660100020468235,0,0.04676000028848648,0.9495000243186951,0.310263991355896,0,-0.008325999602675438,-0.3102230131626129,0.9506270289421082,0,0.0003020000003743917,0.04041000083088875,0,1
B17,mixamorig_LeftHandIndex3,16,0.9996500015258789,-0.02642199955880642,-0.0013760000001639128,0,0.026405999436974525,0.9930509924888611,0.1146870031952858,0,-0.0016629999736323953,-0.11468300223350525,0.9934009909629822,0,0.000007999999979801942,0.0443510003387928,0,1
B18,mixamorig_LeftHandIndex4,17,1,0,0,0,0,1,0,0,0,0,1,0,-0.0003100000030826777,0.025462999939918518,0,1
B19,mixamorig_LeftHandMiddle1,10,0.9664459824562073,-0.2547920048236847,-0.03259599953889847,0,0.23307499289512634,0.8164970278739929,0.5282130241394043,0,-0.10796999931335449,-0.5180860161781311,0.8484860062599182,0,0.027854999527335167,0.15936799347400665,-0.0054350001737475395,1
B20,mixamorig_LeftHandMiddle2,19,0.999576985836029,-0.02856599912047386,-0.005408000200986862,0,0.02848299965262413,0.9249100089073181,0.3791170120239258,0,-0.0058280001394450665,-0.37911099195480347,0.9253330230712891,0,-0.0003220000071451068,0.04541600123047829,0,1
B21,mixamorig_LeftHandMiddle3,20,0.9993749856948853,-0.0351330004632473,-0.0038499999791383743,0,0.034974999725818634,0.9673900008201599,0.25086501240730286,0,-0.00508899986743927,-0.25084298849105835,0.9680140018463135,0,0.0003330000035930425,0.040532998740673065,0,1
B22,mixamorig_LeftHandMiddle4,21,1,0,0,0,0,1,0,0,0,0,1,0,-0.000011000000085914508,0.026040000841021538,0,1
B23,mixamorig_RightShoulder,3,-0.026889000087976456,-0.04469899833202362,0.9986389875411987,0,-0.8547160029411316,-0.5170400142669678,-0.04615600034594536,0,0.5183990001678467,-0.8547930121421814,-0.024302000179886818,0,-0.06666199862957001,0.16131900250911713,-0.0018550000386312604,1
B24,mixamorig_RightArm,23,0.9980030059814453,-0.05176499858498573,0.03619600087404251,0,0.008469000458717346,0.6775270104408264,0.7354490160942078,0,-0.06259500235319138,-0.7336739897727966,0.6766129732131958,0,0,0.13974399864673615,0,1
B25,mixamorig_RightForeArm,24,0.9780470132827759,-0.20830699801445007,-0.005745999980717897,0,0.20838500559329987,0.9777529835700989,0.023956000804901123,0,0.0006280000088736415,-0.02462800033390522,0.9996960163116455,0,0,0.31330201029777527,0,1
B26,mixamorig_RightHand,25,0.9078689813613892,-0.3663580119609833,0.20385399460792542,0,0.3072879910469055,0.9122369885444641,0.2709200084209442,0,-0.28521600365638733,-0.18331800401210785,0.9407690167427063,0,0,0.23924699425697327,0,1
B27,mixamorig_RightHandThumb1,26,0.8929640054702759,-0.44928300380706787,0.02756199985742569,0,0.39849600195884705,0.817529022693634,0.4157490134239197,0,-0.2093220055103302,-0.3602660000324249,0.9090610146522522,0,0.034915000200271606,0.06952200084924698,0.015583000145852566,1
B28,mixamorig_RightHandThumb2,27,0.8664370179176331,0.4894450008869171,0.09864600002765656,0,-0.49089500308036804,0.8711540102958679,-0.010669000446796417,0,-0.09115800261497498,-0.03917999938130379,0.9950649738311768,0,0.004900000058114529,0.06328500062227249,0,1
B29,mixamorig_RightHandThumb3,28,0.9796090126037598,0.07982800155878067,-0.18437199294567108,0,-0.1356319934129715,0.9397690296173096,-0.31374698877334595,0,0.1482210010290146,0.3323569893836975,0.9314339756965637,0,-0.0009609999833628535,0.05148100107908249,0,1
B30,mixamorig_RightHandThumb4,29,1,0,0,0,0,1,0,0,0,0,1,0,-0.00394000019878149,0.03065899945795536,0,1
B31,mixamorig_RightHandIndex1,26,0.9937520027160645,0.1102909967303276,-0.017086999490857124,0,-0.09770499914884567,0.9337080121040344,0.34444499015808105,0,0.053943999111652374,-0.34062299132347107,0.9386510252952576,0,0.027360999956727028,0.1766670048236847,-0.0035729999653995037,1
B32,mixamorig_RightHandIndex2,31,0.9998109936714172,0.019006000831723213,0.004162999801337719,0,-0.019176000729203224,0.9262930154800415,0.37631601095199585,0,0.003295999951660633,-0.37632501125335693,0.9264820218086243,0,0.000019999999494757503,0.03959200158715248,0,1
B33,mixamorig_RightHandIndex3,32,1,0.00026599998818710446,-0.0002410000015515834,0,-0.00022400000307243317,0.9871280193328857,0.15993499755859375,0,0.0002800000074785203,-0.15993499755859375,0.9871280193328857,0,0.00006299999949987978,0.03706600144505501,0,1
B34,mixamorig_RightHandIndex4,33,1,0,0,0,0,1,0,0,0,0,1,0,-0.00008299999899463728,0.02423899993300438,0,1
B35,mixamorig_RightHandMiddle1,26,0.986922025680542,0.16111400723457336,0.005127000156790018,0,-0.14583900570869446,0.8788989782333374,0.4541659951210022,0,0.0686660036444664,-0.44897499680519104,0.8909019827842712,0,-0.027360999956727028,0.17173999547958374,-0.0025420000310987234,1
B36,mixamorig_RightHandMiddle2,35,0.9997749924659729,0.02094000019133091,0.0034549999982118607,0,-0.020634999498724937,0.9209970235824585,0.3890239894390106,0,0.004964000079780817,-0.38900700211524963,0.9212210178375244,0,-0.00019999999494757503,0.034012001007795334,0,1
B37,mixamorig_RightHandMiddle3,36,0.99993497133255,0.01107299979776144,0.0027840000111609697,0,-0.011382999829947948,0.9478899836540222,0.3183929920196533,0,0.0008870000019669533,-0.3184039890766144,0.9479550123214722,0,0.00011300000187475234,0.039645999670028687,0,1
B38,mixamorig_RightHandMiddle4,37,1,0,0,0,0,1,0,0,0,0,1,0,0.0000870000003487803,0.02984200045466423,0,1
B39,mixamorig_LeftUpLeg,0,-0.9861140251159668,-0.0744440034031868,0.14845000207424164,0,0.07527799904346466,-0.9971629977226257,0.000003999999989900971,0,0.14802899956703186,0.01117900013923645,0.9889199733734131,0,0.09762699902057648,-0.0670199990272522,-0.028970999643206596,1
B40,mixamorig_LeftLeg,39,0.986096978187561,0.05515599995851517,0.15675300359725952,0,-0.02024500072002411,0.976157009601593,-0.21612100303173065,0,-0.16493600606918335,0.20994199812412262,0.9637010097503662,0,0,0.3960529863834381,0,1
B41,mixamorig_LeftFoot,40,0.9955390095710754,-0.09433899819850922,0.0013699999544769526,0,0.040004000067710876,0.43521198630332947,0.8994389772415161,0,-0.0854479968547821,-0.8953719735145569,0.43704500794410706,0,0,0.2961750030517578,0,1
B42,mixamorig_LeftToeBase,41,0.996783971786499,0.0002530000056140125,0.08013100177049637,0,-0.040105000138282776,0.8673070073127747,0.4961560070514679,0,-0.06937199831008911,-0.49777400493621826,0.8645280003547668,0,0,0.16130200028419495,0,1
B43,mixamorig_LeftToe_End,42,1,0,0,0,0,1,0,0,0,0,1,0,0,0.07824999839067459,0,1
B44,mixamorig_RightUpLeg,0,-0.9804800152778625,0.10433600097894669,-0.16665099561214447,0,-0.09879100322723389,-0.9942529797554016,-0.04124699905514717,0,-0.1699959933757782,-0.02397800050675869,0.9851530194282532,0,-0.09762699902057648,-0.0670199990272522,-0.024985000491142273,1
B45,mixamorig_RightLeg,44,0.9863499999046326,-0.01323499996215105,-0.16413100063800812,0,-0.026605000719428062,0.9708600044250488,-0.23816700279712677,0,0.1625010073184967,0.2392829954624176,0.9572550058364868,0,0,0.3962770104408264,0,1
B46,mixamorig_RightFoot,45,0.9976789951324463,0.06775200366973877,0.006754999980330467,0,-0.033128999173641205,0.39636701345443726,0.917493999004364,0,0.059484999626874924,-0.9155889749526978,0.3976919949054718,0,0,0.29612699151039124,0,1
B47,mixamorig_RightToeBase,46,0.9968540072441101,0.0005239999736659229,-0.07926200330257416,0,0.04272500053048134,0.8387140035629272,0.5428929924964905,0,0.0667629987001419,-0.5445719957351685,0.8360530138015747,0,0,0.15647399425506592,0,1
B48,mixamorig_RightToe_End,47,1,0,0,0,0,1,0,0,0,0,1,0,0,0.07542700320482254,0,1
@40,0,1,2,3,4,5,7,8,9,10,11,12,13,15,16,17,19,20,21,23,24,25,26,27,28,29,31,32,33,35,36,37,39,40,41,42,44,45,46,47
K0,0.9995530247688293,0.009482850320637226,0.028350045904517174,0,-0.007418149616569281,0.9973719716072083,-0.07206673920154572,0,-0.02895895205438137,0.07182425260543823,0.9969969391822815,0,-0.0008149999775923789,0.8613880276679993,0.023282000795006752,1,0.9987720847129822,-0.03794609010219574,-0.0318540595471859,0,0.036412909626960754,0.9982119798660278,-0.04740505293011665,0,0.033595941960811615,0.04618694633245468,0.9983680844306946,0,0,0.12067200243473053,-0.012910000048577785,1,0.9999470114707947,-0.0034672198817133904,-0.009674840606749058,0,0.0035867802798748016,0.9999169707298279,0.0123679731041193,0,0.009631158784031868,-0.012402025982737541,0.9998769164085388,0,0,0.1415880024433136,0,1,0.9999470114707947,-0.003544627223163843,-0.009618298150599003,0,0.003663372714072466,0.9999169707298279,0.012356209568679333,0,0.00957370176911354,-0.01239079050719738,0.9998769760131836,0,0,0.16181500256061554,0,1,0.999908983707428,0.0007091141305863857,0.013436292298138142,0,-0.0027368857990950346,0.9884519577026367,0.15150843560695648,0,-0.013173707760870457,-0.15153159201145172,0.988365113735199,0,0,0.1820410043001175,0,1,0.9918279647827148,-0.030977120622992516,0.12376125156879425,0,-0.010805121622979641,0.9461928606033325,0.323422372341156,0,-0.1271207481622696,-0.3221166729927063,0.9381261467933655,0,0,0.10538700222969055,0.02997799962759018,1,0.018948763608932495,0.057402849197387695,-0.9981710314750671,0,0.8750221133232117,-0.48395296931266785,-0.011220166459679604,0,-0.4837118685245514,-0.8732091784477234,-0.05939915031194687,0,0.06666199862957001,0.16139599680900574,-0.0025710000190883875,1,0.9915149807929993,0.12597113847732544,0.03207395225763321,0,-0.11192686855792999,0.7018610239028931,0.7034661173820496,0,0.0661049485206604,-0.7010868787765503,0.7100050449371338,0,0,0.13974399864673615,0,1,0.9580489993095398,0.28649502992630005,0.007859183475375175,0,-0.286594033241272,0.9574440121650696,0.03411894664168358,0,0.002250183140859008,-0.034940049052238464,0.9993870258331299,0,0,0.3133459985256195,0,1,0.8646418452262878,0.3291502296924591,-0.3795461356639862,0,-0.18491676449775696,0.910953938961029,0.3687402307987213,0,0.46711987257003784,-0.24864375591278076,0.8485141396522522,0,0,0.2392529994249344,0,1,0.8955358862876892,0.4278031885623932,-0.12247533351182938,0,-0.34359681606292725,0.839672327041626,0.420584499835968,0,0.2827666997909546,-0.33456653356552124,0.8989489078521729,0,-0.03409099951386452,0.06742600351572037,0.0117790000513196,1,0.8802651762962341,-0.45140278339385986,-0.14618071913719177,0,0.4446171820163727,0.8923128247261047,-0.07806424051523209,0,0.1656772792339325,0.003722762456163764,0.9861729145050049,0,-0.0008909999742172658,0.061167001724243164,0,1,0.9952360391616821,-0.013310849666595459,0.09657767415046692,0,0.04418815299868584,0.9446239471435547,-0.3251672387123108,0,-0.08690133690834045,0.32788577675819397,0.940712034702301,0,-0.0006210000137798488,0.051858000457286835,0,1,0.9854920506477356,-0.16943292319774628,0.009933242574334145,0,0.1474880576133728,0.8838737607002258,0.4438634514808655,0,-0.08398475497961044,-0.4359585642814636,0.8960392475128174,0,-0.027854999527335167,0.1652739942073822,-0.003198999911546707,1,0.9988710284233093,-0.04703474044799805,-0.0066007706336677074,0,0.046760253608226776,0.9494999051094055,0.31026431918144226,0,-0.008325770497322083,-0.31022265553474426,0.9506271481513977,0,0.0003020000003743917,0.04041000083088875,0,1,0.9996500611305237,-0.026422254741191864,-0.0013764254981651902,0,0.02640574611723423,0.9930510520935059,0.11468691378831863,0,-0.0016634254716336727,-0.11468309164047241,0.9934009909629822,0,0.000007999999979801942,0.0443510003387928,0,1,0.9664459824562073,-0.2547919452190399,-0.032595884054899216,0,0.2330750674009323,0.8164971470832825,0.5282127261161804,0,-0.10796988755464554,-0.5180862545967102,0.8484858870506287,0,0.027854999527335167,0.15936799347400665,-0.0054350001737475395,1,0.999576985836029,-0.02856585755944252,-0.00540794525295496,0,0.028483141213655472,0.9249100089073181,0.37911704182624817,0,-0.005827944725751877,-0.37911099195480347,0.9253330230712891,0,-0.0003220000071451068,0.04541600123047829,0,1,0.9993749856948853,-0.035132985562086105,-0.0038500952068716288,0,0.03497501090168953,0.9673899412155151,0.25086507201194763,0,-0.005089094862341881,-0.2508428990840912,0.9680140018463135,0,0.0003330000035930425,0.040532998740673065,0,1,-0.02688896656036377,-0.04469870775938034,0.9986390471458435,0,-0.854715883731842,-0.5170402526855469,-0.046156272292137146,0,0.518399178981781,-0.8547928929328918,-0.024301983416080475,0,-0.06666199862957001,0.16131900250911713,-0.0018550000386312604,1,0.9980030059814453,-0.05176524817943573,0.03619629889726639,0,0.0084687490016222,0.677527129650116,0.7354488968849182,0,-0.0625947043299675,-0.7336740493774414,0.6766128540039062,0,0,0.13974399864673615,0,1,0.9780470132827759,-0.2083069235086441,-0.005746043752878904,0,0.20838503539562225,0.9777529239654541,0.023956265300512314,0,0.000627955247182399,-0.02462773397564888,0.9996960163116455,0,0,0.31330201029777527,0,1,0.9078690409660339,-0.3663579821586609,0.20385359227657318,0,0.3072880208492279,0.9122369885444641,0.27091994881629944,0,-0.28521639108657837,-0.18331803381443024,0.9407688975334167,0,0,0.23924699425697327,0,1,0.8929640650749207,-0.44928285479545593,0.027562148869037628,0,0.398496150970459,0.8175287842750549,0.41574931144714355,0,-0.20932184159755707,-0.36026570200920105,0.9090611338615417,0,0.034915000200271606,0.06952200084924698,0.015583000145852566,1,0.8664368987083435,0.4894450306892395,0.09864606708288193,0,-0.4908949136734009,0.8711540102958679,-0.010669427923858166,0,-0.09115791320800781,-0.03918042778968811,0.9950649738311768,0,0.004900000058114529,0.06328500062227249,0,1,0.9796090722084045,0.07982814311981201,-0.18437184393405914,0,-0.13563184440135956,0.93976891040802,-0.3137473464012146,0,0.14822116494178772,0.33235666155815125,0.9314340353012085,0,-0.0009609999833628535,0.05148100107908249,0,1,0.9937520027160645,0.11029128730297089,-0.017087232321500778,0,-0.09770472347736359,0.933708131313324,0.3444446921348572,0,0.05394377186894417,-0.34062331914901733,0.938650906085968,0,0.027360999956727028,0.1766670048236847,-0.0035729999653995037,1,0.9998109340667725,0.019006311893463135,0.004163116682320833,0,-0.019175687804818153,0.9262929558753967,0.37631621956825256,0,0.0032961172983050346,-0.3763248026371002,0.926482081413269,0,0.000019999999494757503,0.03959200158715248,0,1,1,0.0002659664023667574,-0.00024078103888314217,0,-0.0002240335597889498,0.9871280193328857,0.15993502736091614,0,0.0002802190138027072,-0.15993496775627136,0.9871280193328857,0,0.00006299999949987978,0.03706600144505501,0,1,0.9869219660758972,0.16111409664154053,0.005127279553562403,0,-0.1458389163017273,0.8788988590240479,0.4541662335395813,0,0.06866627186536789,-0.44897475838661194,0.890902042388916,0,-0.027360999956727028,0.17173999547958374,-0.0025420000310987234,1,0.9997749924659729,0.02094028890132904,0.003455115482211113,0,-0.020634708926081657,0.9209970235824585,0.3890238404273987,0,0.004964115098118782,-0.38900718092918396,0.9212208986282349,0,-0.00019999999494757503,0.034012001007795334,0,1,0.9999349117279053,0.011072962544858456,0.00278380885720253,0,-0.011383036151528358,0.9478899836540222,0.31839290261268616,0,0.0008868090226314962,-0.31840407848358154,0.9479549527168274,0,0.00011300000187475234,0.039645999670028687,0,1,-0.9861140847206116,-0.07444364577531815,0.14845025539398193,0,0.07527834922075272,-0.997162938117981,0.000003984482646046672,0,0.14802874624729156,0.011179015040397644,0.9889199733734131,0,0.09762699902057648,-0.0670199990272522,-0.028970999643206596,1,0.986096978187561,0.05515610799193382,0.15675313770771027,0,-0.020244890823960304,0.9761571288108826,-0.21612071990966797,0,-0.1649358570575714,0.2099422663450241,0.9637009501457214,0,0,0.3960529863834381,0,1,0.9955390095710754,-0.09433900564908981,0.001369685516692698,0,0.04000398889183998,0.4352121353149414,0.8994389176368713,0,-0.08544830977916718,-0.8953720331192017,0.43704476952552795,0,0,0.2961750030517578,0,1,0.996783971786499,0.0002526467142160982,0.08013056218624115,0,-0.04010536149144173,0.8673070073127747,0.4961560070514679,0,-0.06937244534492493,-0.49777403473854065,0.8645278811454773,0,0,0.16130200028419495,0,1,-0.9804800152778625,0.10433601588010788,-0.16665057837963104,0,-0.0987909808754921,-0.9942529201507568,-0.04124685004353523,0,-0.16999641060829163,-0.02397814579308033,0.9851529002189636,0,-0.09762699902057648,-0.0670199990272522,-0.024985000491142273,1,0.9863499402999878,-0.013234768062829971,-0.16413140296936035,0,-0.02660476788878441,0.970859944820404,-0.23816721141338348,0,0.16250061988830566,0.2392827868461609,0.9572550654411316,0,0,0.3962770104408264,0,1,0.9976789951324463,0.06775200366973877,0.006754746660590172,0,-0.033128995448350906,0.39636704325675964,0.9174939393997192,0,0.05948474630713463,-0.9155889749526978,0.397691935300827,0,0,0.29612699151039124,0,1,0.9968540072441101,0.0005244165076874197,-0.07926207780838013,0,0.042725417762994766,0.8387138843536377,0.54289311170578,0,0.06676292419433594,-0.5445718765258789,0.8360531330108643,0,0,0.15647399425506592,0,1
K0.033,0.9998080134391785,0.01177410688251257,0.01564021222293377,0,-0.010507929138839245,0.9968420267105103,-0.07870827615261078,0,-0.016517551615834236,0.07852886617183685,0.9967749714851379,0,-0.0025160142686218023,0.8610759973526001,0.018957961350679398,1,0.9986249804496765,-0.03529607132077217,-0.03876931965351105,0,0.03371386229991913,0.9986010193824768,-0.0407329723238945,0,0.04015279933810234,0.03936990350484848,0.9984179735183716,0,0,0.12067200243473053,-0.012910000048577785,1,0.9999309778213501,-0.002383701503276825,-0.011475224047899246,0,0.002539276611059904,0.9999050498008728,0.013561911880970001,0,0.011441806331276894,-0.013590113259851933,0.9998419880867004,0,0,0.1415880024433136,0,1,0.9999319911003113,-0.0024837031960487366,-0.01140589453279972,0,0.002638275735080242,0.999904990196228,0.013556932099163532,0,0.011371133849024773,-0.013586094602942467,0.9998430013656616,0,0,0.16181500256061554,0,1,0.9998800754547119,0.000420216703787446,0.0155118927359581,0,-0.0027377805672585964,0.9887290596961975,0.14968977868556976,0,-0.015274145640432835,-0.14971420168876648,0.9886109828948975,0,0,0.1820410043001175,0,1,0.9889679551124573,-0.03316103667020798,0.14437006413936615,0,-0.014910070225596428,0.9473860263824463,0.3197469413280487,0,-0.14737729728221893,-0.3183720111846924,0.9364399313926697,0,0,0.10538700222969055,0.02997799962759018,1,0.020100969821214676,0.05726576969027519,-0.9981570243835449,0,0.8753749132156372,-0.48333901166915894,-0.010101541876792908,0,-0.48302650451660156,-0.8735582232475281,-0.05984453111886978,0,0.06666199862957001,0.16139599680900574,-0.0025710000190883875,1,0.994519054889679,0.09913183748722076,0.03323788195848465,0,-0.09367867559194565,0.70365309715271,0.7043408751487732,0,0.046434663236141205,-0.7035940885543823,0.7090829610824585,0,0,0.13974399864673615,0,1,0.9645600318908691,0.2637676000595093,0.007084069307893515,0,-0.263858824968338,0.9640500545501709,0.031411997973918915,0,0.0014560692943632603,-0.032167933881282806,0.9994810223579407,0,0,0.3133459985256195,0,1,0.8580510020256042,0.3191301226615906,-0.4023738503456116,0,-0.1679755002260208,0.9147940874099731,0.36733704805374146,0,0.4853174388408661,-0.24760490655899048,0.8385457992553711,0,0,0.2392529994249344,0,1,0.8955361247062683,0.4278039038181305,-0.12247586250305176,0,-0.34359705448150635,0.8396719694137573,0.4205840229988098,0,0.2827671468257904,-0.3345659375190735,0.8989490270614624,0,-0.03409099951386452,0.06742600351572037,0.0117790000513196,1,0.8794059157371521,-0.45313718914985657,-0.14598391950130463,0,0.4465368092060089,0.8914371132850647,-0.07710583508014679,0,0.16507509350776672,0.0026201417203992605,0.9862779974937439,0,-0.0008909999742172658,0.061167001724243164,0,1,0.9951809644699097,-0.017865121364593506,0.0964132621884346,0,0.04794804006814957,0.9463509917259216,-0.31956496834754944,0,-0.08553171157836914,0.3226478099822998,0.9426470398902893,0,-0.0006210000137798488,0.051858000457286835,0,1,0.9853230118751526,-0.17050579190254211,0.008201136253774166,0,0.1494712084531784,0.8849788904190063,0.4409882426261902,0,-0.08244883269071579,-0.4332897365093231,0.8974751830101013,0,-0.027854999527335167,0.1652739942073822,-0.003198999911546707,1,0.9988279938697815,-0.04791063815355301,-0.006890865042805672,0,0.047621384263038635,0.9471860527992249,0.3171277642250061,0,-0.008666865527629852,-0.3170843720436096,0.948357880115509,0,0.0003020000003743917,0.04041000083088875,0,1,0.9996499419212341,-0.026418261229991913,-0.0013757835840806365,0,0.026401743292808533,0.9930539727210999,0.11465592682361603,0,-0.0016627832083031535,-0.1146521270275116,0.993403971195221,0,0.000007999999979801942,0.0443510003387928,0,1,0.9658869504928589,-0.25678908824920654,-0.03350316733121872,0,0.23365294933319092,0.8083668351173401,0.5403232574462891,0,-0.11166620254516602,-0.5297189950942993,0.8407899737358093,0,0.027854999527335167,0.15936799347400665,-0.0054350001737475395,1,0.999576985836029,-0.028561744838953018,-0.005407020449638367,0,0.028479259461164474,0.9249271154403687,0.3790777921676636,0,-0.005826020613312721,-0.37907126545906067,0.9253488779067993,0,-0.0003220000071451068,0.04541600123047829,0,1,0.9993669986724854,-0.035346999764442444,-0.0039061824791133404,0,0.03518598526716232,0.9668769240379333,0.2528071999549866,0,-0.005159182008355856,-0.25278475880622864,0.9675090312957764,0,0.0003330000035930425,0.040532998740673065,0,1,-0.01981983706355095,-0.04472123831510544,0.9988030791282654,0,-0.8547479510307312,-0.5174892544746399,-0.04013170674443245,0,0.5186643004417419,-0.8545199036598206,-0.02796892076730728,0,-0.06666199862957001,0.16131900250911713,-0.0018550000386312604,1,0.9975619912147522,-0.06772048026323318,0.016861338168382645,0,0.03389589115977287,0.6813552379608154,0.7311667799949646,0,-0.061003562062978745,-0.7288130521774292,0.6819899082183838,0,0,0.13974399864673615,0,1,0.9740379452705383,-0.22630125284194946,-0.006206929683685303,0,0.22638623416423798,0.97368985414505,0.026025284081697464,0,0.00015406946477014571,-0.026754768565297127,0.999642014503479,0,0,0.31330201029777527,0,1,0.9083970189094543,-0.3707182705402374,0.19334475696086884,0,0.3102339506149292,0.9076439142227173,0.28273123502731323,0,-0.2803019881248474,-0.19685019552707672,0.9395109415054321,0,0,0.23924699425697327,0,1,0.8929641842842102,-0.44928258657455444,0.02756108157336712,0,0.3984963893890381,0.8175289630889893,0.4157496690750122,0,-0.20932091772556305,-0.3602663278579712,0.9090608954429626,0,0.034915000200271606,0.06952200084924698,0.015583000145852566,1,0.8654370903968811,0.4911758601665497,0.09882102161645889,0,-0.4927532374858856,0.8701179027557373,-0.009451053105294704,0,-0.0906279906630516,-0.040515054017305374,0.9950600266456604,0,0.004900000058114529,0.06328500062227249,0,1,0.980631947517395,0.0746198520064354,-0.18108615279197693,0,-0.13046905398368835,0.9384519457817078,-0.3198200762271881,0,0.1460758000612259,0.33725208044052124,0.9300119876861572,0,-0.0009609999833628535,0.05148100107908249,0,1,0.9937159419059753,0.11007408797740936,-0.02029024064540863,0,-0.09528090804815292,0.9270239472389221,0.36269426345825195,0,0.05873281508684158,-0.3584820330142975,0.9316869378089905,0,0.027360999956727028,0.1766670048236847,-0.0035729999653995037,1,0.9997990131378174,0.01955314353108406,0.004430210217833519,0,-0.01973586343228817,0.9209798574447632,0.38911116123199463,0,0.003528209635987878,-0.38912007212638855,0.9211799502372742,0,0.000019999999494757503,0.03959200158715248,0,1,0.9999999403953552,0.0007280337158590555,-0.00020803260849788785,0,-0.000681975856423378,0.9853949546813965,0.1702852100133896,0,0.0003289675514679402,-0.17028500139713287,0.985395073890686,0,0.00006299999949987978,0.03706600144505501,0,1,0.9867549538612366,0.16217003762722015,0.003860125783830881,0,-0.14420990645885468,0.8660798072814941,0.47865432500839233,0,0.07428019493818283,-0.4728710949420929,0.877994954586029,0,-0.027360999956727028,0.17173999547958374,-0.0025420000310987234,1,0.9997649788856506,0.021347416564822197,0.003668110352009535,0,-0.021021589636802673,0.915450930595398,0.4018791913986206,0,0.0052211107686161995,-0.4018620550632477,0.9156849980354309,0,-0.00019999999494757503,0.034012001007795334,0,1,0.9999319911003113,0.011299754492938519,0.002887703711166978,0,-0.011624251492321491,0.9454460144042969,0.3255709111690521,0,0.0009487029747106135,-0.3255822956562042,0.9455128908157349,0,0.00011300000187475234,0.039645999670028687,0,1,-0.9863020181655884,-0.07436097413301468,0.14724071323871613,0,0.07640902698040009,-0.9970418810844421,0.008295108564198017,0,0.14618825912475586,0.01943199336528778,0.989065945148468,0,0.09762699902057648,-0.0670199990272522,-0.028970999643206596,1,0.9861279129981995,0.05786328390240669,0.15557318925857544,0,-0.020223744213581085,0.9721720218658447,-0.23339413106441498,0,-0.16474881768226624,0.22701016068458557,0.9598559737205505,0,0,0.3960529863834381,0,1,0.9955160021781921,-0.09389687329530716,-0.011456257663667202,0,0.05054120719432831,0.4256153106689453,0.9034917950630188,0,-0.07995907217264175,-0.9000192880630493,0.42845237255096436,0,0,0.2961750030517578,0,1,0.9967530369758606,0.00042996223783120513,0.08051488548517227,0,-0.03992503881454468,0.8710269927978516,0.48961004614830017,0,-0.0699201300740242,-0.4912349283695221,0.8682160377502441,0,0,0.16130200028419495,0,1,-0.9813278317451477,0.10129415988922119,-0.16350708901882172,0,-0.0968228131532669,-0.9946819543838501,-0.03510886803269386,0,-0.1661939024925232,-0.018622100353240967,0.9859169721603394,0,-0.09762699902057648,-0.0670199990272522,-0.024985000491142273,1,0.9862999320030212,-0.02188587561249733,-0.16350510716438293,0,-0.021707817912101746,0.965321958065033,-0.26015904545783997,0,0.1635289043188095,0.2601442337036133,0.9516220688819885,0,0,0.3962770104408264,0,1,0.9974250197410583,0.07128296792507172,-0.007845585234463215,0,-0.0204339399933815,0.38736602663993835,0.9217000007629395,0,0.0687405914068222,-0.9191659688949585,0.38782504200935364,0,0,0.29612699151039124,0,1,0.9968540072441101,0.0005274220020510256,-0.07925377041101456,0,0.04272842034697533,0.8386318683624268,0.5430191159248352,0,0.06675121933221817,-0.5446978211402893,0.8359720706939697,0,0,0.15647399425506592,0,1
K0.067,0.9999060034751892,0.013214011676609516,0.003608232829719782,0,-0.012855950742959976,0.9962319135665894,-0.08577015995979309,0,-0.004728003870695829,0.08571570366621017,0.9963080286979675,0,-0.003931986168026924,0.8609340190887451,0.01500403881072998,1,0.9984909296035767,-0.031803198158741,-0.04477618634700775,0,0.030269870534539223,0.9989460110664368,-0.03451579436659813,0,0.04582669213414192,0.03310832753777504,0.9984009265899658,0,0,0.12067200243473053,-0.012910000048577785,1,0.9999150037765503,-0.0012718868674710393,-0.013005162589251995,0,0.0014651346718892455,0.9998889565467834,0.014860597439110279,0,0.012984806671738625,-0.014878375455737114,0.9998049736022949,0,0,0.1415880024433136,0,1,0.9999160170555115,-0.0013949732528999448,-0.012922080233693123,0,0.0015870480565354228,0.999888002872467,0.014865859411656857,0,0.012899891473352909,-0.014885115437209606,0.9998059868812561,0,0,0.16181500256061554,0,1,0.9998499155044556,0.00017245889466721565,0.01734432950615883,0,-0.0027385433204472065,0.9889779686927795,0.14803536236286163,0,-0.01712763123214245,-0.1480606496334076,0.9888300895690918,0,0,0.1820410043001175,0,1,0.9860209822654724,-0.03427869826555252,0.1630590707063675,0,-0.019153667613863945,0.948805034160614,0.31528279185295105,0,-0.16551856696605682,-0.313998281955719,0.9348840117454529,0,0,0.10538700222969055,0.02997799962759018,1,0.02199440263211727,0.05739212781190872,-0.9981089234352112,0,0.8752701282501221,-0.483559787273407,-0.008517623879015446,0,-0.48313432931900024,-0.8734277486801147,-0.06086917594075203,0,0.06666199862957001,0.16139599680900574,-0.0025710000190883875,1,0.9969809651374817,0.06992747634649277,0.03376394882798195,0,-0.07336100935935974,0.7056488990783691,0.7047540545463562,0,0.02545616216957569,-0.7051029205322266,0.7086480855941772,0,0,0.13974399864673615,0,1,0.971528947353363,0.23683829605579376,0.006254843436181545,0,-0.23692019283771515,0.9711199998855591,0.02820509299635887,0,0.0006058436702005565,-0.02888396754860878,0.9995830655097961,0,0,0.3133459985256195,0,1,0.8533700704574585,0.30598124861717224,-0.4220619201660156,0,-0.14875707030296326,0.918890118598938,0.36539262533187866,0,0.4996317923069,-0.24903039634227753,0.8296700716018677,0,0,0.2392529994249344,0,1,0.8955358862876892,0.4278031885623932,-0.12247533351182938,0,-0.34359681606292725,0.839672327041626,0.420584499835968,0,0.2827666997909546,-0.33456653356552124,0.8989489078521729,0,-0.03409099951386452,0.06742600351572037,0.0117790000513196,1,0.8787908554077148,-0.4543740451335907,-0.1458461731672287,0,0.44790494441986084,0.8908089995384216,-0.07642108201980591,0,0.16464480757713318,0.0018329266458749771,0.9863510131835938,0,-0.0008909999742172658,0.061167001724243164,0,1,0.9950079321861267,-0.026743818074464798,0.09614814072847366,0,0.055297017097473145,0.949752926826477,-0.3080761432647705,0,-0.08307788521051407,0.3118550777435303,0.946491003036499,0,-0.0006210000137798488,0.051858000457286835,0,1,0.9851359724998474,-0.1716560572385788,0.006480058189481497,0,0.15148089826107025,0.8859018683433533,0.4384423792362213,0,-0.08100197464227676,-0.43094363808631897,0.8987361788749695,0,-0.027854999527335167,0.1652739942073822,-0.003198999911546707,1,0.9987760782241821,-0.048930466175079346,-0.007237196899950504,0,0.04862350970506668,0.9444230198860168,0.32511797547340393,0,-0.009073195978999138,-0.32507187128067017,0.9456460475921631,0,0.0003020000003743917,0.04041000083088875,0,1,0.9996399879455566,-0.02679644152522087,-0.0014553361106663942,0,0.02678155153989792,0.9926959872245789,0.11762916296720505,0,-0.0017073365161195397,-0.11762576550245285,0.993056058883667,0,0.000007999999979801942,0.0443510003387928,0,1,0.965237021446228,-0.2590758800506592,-0.0345962755382061,0,0.23423509299755096,0.7986659407615662,0.5543169975280762,0,-0.11597923934459686,-0.5431506633758545,0.8315861821174622,0,0.027854999527335167,0.15936799347400665,-0.0054350001737475395,1,0.9995650053024292,-0.02898309752345085,-0.005548023618757725,0,0.028898892924189568,0.9233890771865845,0.38277503848075867,0,-0.005971023812890053,-0.3827689290046692,0.9238250851631165,0,-0.0003220000071451068,0.04541600123047829,0,1,0.9993850588798523,-0.034870024770498276,-0.0037828797940164804,0,0.03471598029136658,0.9680129885673523,0.24848729372024536,0,-0.005002880003303289,-0.24846576154232025,0.9686279892921448,0,0.0003330000035930425,0.040532998740673065,0,1,-0.012814166955649853,-0.04487689584493637,0.9989100694656372,0,-0.8545230031013489,-0.5182840824127197,-0.0342462882399559,0,0.5192558169364929,-0.854030191898346,-0.03170698136091232,0,-0.06666199862957001,0.16131900250911713,-0.0018550000386312604,1,0.9964680075645447,-0.08384665846824646,0.0045310985296964645,0,0.05440397560596466,0.6857801079750061,0.7257729172706604,0,-0.06396099925041199,-0.722963273525238,0.6879197955131531,0,0,0.13974399864673615,0,1,0.9676310420036316,-0.25227174162864685,-0.0069428193382918835,0,0.25236672163009644,0.9671970009803772,0.029011942446231842,0,-0.0006038190913386643,-0.02982499450445175,0.9995549321174622,0,0,0.31330201029777527,0,1,0.9072761535644531,-0.3821527063846588,0.1755238175392151,0,0.3193691074848175,0.8976739048957825,0.3036201000213623,0,-0.27359244227409363,-0.21941043436527252,0.936486005783081,0,0,0.23924699425697327,0,1,0.8929640650749207,-0.44928282499313354,0.027562109753489494,0,0.39849618077278137,0.8175289034843445,0.41574913263320923,0,-0.20932190120220184,-0.36026591062545776,0.9090620279312134,0,0.034915000200271606,0.06952200084924698,0.015583000145852566,1,0.86570805311203,0.4907279312610626,0.09866873174905777,0,-0.492279052734375,0.8703839182853699,-0.009645971469581127,0,-0.09061326831579208,-0.04022197425365448,0.9950739145278931,0,0.004900000058114529,0.06328500062227249,0,1,0.9814918637275696,0.07034898549318314,-0.17811645567417145,0,-0.1262080818414688,0.9371431469917297,-0.32532158493995667,0,0.14403456449508667,0.34178027510643005,0.9286770224571228,0,-0.0009609999833628535,0.05148100107908249,0,1,0.9936320185661316,0.1104407012462616,-0.022310031577944756,0,-0.09397430717945099,0.9215730428695679,0.37665992975234985,0,0.06215890869498253,-0.372164785861969,0.9260830879211426,0,0.027360999956727028,0.1766670048236847,-0.0035729999653995037,1,0.9997879862785339,0.02004832960665226,0.004680323414504528,0,-0.020243661478161812,0.915984034538269,0.40070292353630066,0,0.003746323985978961,-0.40071287751197815,0.9161960482597351,0,0.000019999999494757503,0.03959200158715248,0,1,0.9999989867210388,0.00120968755800277,-0.00016788339416962117,0,-0.0011593031231313944,0.98347407579422,0.1810445487499237,0,0.0003841164871118963,-0.18104425072669983,0.9834749698638916,0,0.00006299999949987978,0.03706600144505501,0,1,0.9867479205131531,0.16224442422389984,0.0021781274117529392,0,-0.1415206491947174,0.8539872169494629,0.5006777048110962,0,0.07937206327915192,-0.49435093998908997,0.8656310439109802,0,-0.027360999956727028,0.17173999547958374,-0.0025420000310987234,1,0.9997550249099731,0.021767497062683105,0.0038971444591879845,0,-0.021420493721961975,0.9094849824905396,0.4151848554611206,0,0.005493144039064646,-0.4151668846607208,0.9097290635108948,0,-0.00019999999494757503,0.034012001007795334,0,1,0.9999289512634277,0.01155486423522234,0.003007347695529461,0,-0.011896129697561264,0.9426259994506836,0.3336389362812042,0,0.0010203482815995812,-0.3336508572101593,0.9426960349082947,0,0.00011300000187475234,0.039645999670028687,0,1,-0.9864990711212158,-0.074610136449337,0.1457817256450653,0,0.0773918405175209,-0.9969090819358826,0.013495883904397488,0,0.14432431757450104,0.024596014991402626,0.9892249703407288,0,0.09762699902057648,-0.0670199990272522,-0.028970999643206596,1,0.9861369729042053,0.06036192551255226,0.15456198155879974,0,-0.020751044154167175,0.9690359830856323,-0.2460469752550125,0,-0.1646280139684677,0.23942874372005463,0.9568549990653992,0,0,0.3960529863834381,0,1,0.9953629970550537,-0.09320095181465149,-0.023780057206749916,0,0.06081897020339966,0.41829806566238403,0.9062709808349609,0,-0.07451824843883514,-0.9035158753395081,0.4220272898674011,0,0,0.2961750030517578,0,1,0.996753990650177,0.00042778532952070236,0.08051104098558426,0,-0.03992621228098869,0.8709919452667236,0.48967215418815613,0,-0.06991494446992874,-0.49129679799079895,0.8681811094284058,0,0,0.16130200028419495,0,1,-0.9815428256988525,0.09980306774377823,-0.16313529014587402,0,-0.09558196365833282,-0.9948559403419495,-0.033541951328516006,0,-0.16564370691776276,-0.017330070957541466,0.9860330820083618,0,-0.09762699902057648,-0.0670199990272522,-0.024985000491142273,1,0.9862470030784607,-0.02598431706428528,-0.16322194039821625,0,-0.020022373646497726,0.9615070223808289,-0.27405083179473877,0,0.16406004130840302,0.273549884557724,0.9477630257606506,0,0,0.3962770104408264,0,1,0.9971829652786255,0.07243813574314117,-0.019463086500763893,0,-0.0097359549254179,0.38228845596313477,0.9239916801452637,0,0.07437273859977722,-0.9211990833282471,0.38191670179367065,0,0,0.29612699151039124,0,1,0.9968550801277161,0.0005300623597577214,-0.0792461633682251,0,0.042732059955596924,0.8385509848594666,0.5431450009346008,0,0.06673983484506607,-0.5448230504989624,0.8358909487724304,0,0,0.15647399425506592,0,1
