5.400,30,161,49
B0,mixamorig_Hips,-1,0.9920900464057922,-0.0022149744909256697,-0.12550868093967438,0,0.003088022116571665,0.9999719858169556,0.006761952303349972,0,0.12549029290676117,-0.007096044719219208,0.9920699596405029,0,-0.006506999954581261,1.016890048980713,-0.015930000692605972,1
B1,mixamorig_Spine,0,0.9985339641571045,-0.053958993405103683,-0.00430994713678956,0,0.0541049987077713,0.9973480105400085,0.04867509379982948,0,0.00167205766774714,-0.04883690923452377,0.9988049864768982,0,0,0.0878560021519661,0.006111999973654747,1
B2,mixamorig_Spine1,1,0.9997210502624512,-0.004602995701134205,0.023185938596725464,0,0.0053370073437690735,0.9994829893112183,-0.03169604018330574,0,-0.023028062656521797,0.031810954213142395,0.9992290735244751,0,0,0.10274600237607956,0,1
B3,mixamorig_Spine2,2,0.9997259974479675,-0.004460980650037527,0.022976651787757874,0,0.005193034652620554,0.9994779229164124,-0.03190021216869354,0,-0.022822346538305283,0.03201078251004219,0.9992270469665527,0,0,0.11742399632930756,0,1
B4,mixamorig_Neck,3,0.9994890093803406,0.023342788219451904,-0.021857760846614838,0,-0.025756236165761948,0.9927289485931396,-0.11757904291152954,0,0.018954211845993996,0.1180819496512413,0.99282306432724,0,0,0.13210199773311615,0,1
B5,mixamorig_Head,4,0.9904419779777527,0.0740341916680336,-0.11637283861637115,0,-0.06747782975435257,0.9959560036659241,0.05930868908762932,0,0.12029317021369934,-0.0508892685174942,0.9914329648017883,0,0,0.12008199840784073,0.02579200081527233,1
B6,mixamorig_HeadTop_End,5,1,0,0,0,0,1,0,0,0,0,1,0,0,0.23977600038051605,0.05150099843740463,1
B7,mixamorig_LeftShoulder,3,0.013848936185240746,0.004719624761492014,-0.9998928904533386,0,0.9371919631958008,-0.34863096475601196,0.011334875598549843,0,-0.34853994846343994,-0.9372479319572449,-0.00925129558891058,0,0.06413300335407257,0.1121629998087883,0.0016899999463930726,1
B8,mixamorig_LeftArm,7,0.6347076296806335,0.6278180480003357,0.45054423809051514,0,-0.36094820499420166,0.7563911080360413,-0.5455167293548584,0,-0.6832728981971741,0.18362052738666534,0.7066969871520996,0,0,0.13357900083065033,0,1
B9,mixamorig_LeftForeArm,8,0.9999939799308777,9.999968142437865e-7,0.003577999072149396,0,-9.999964731832733e-7,1,-1.7889980608032374e-9,0,-0.003577999072149396,-1.788999393070867e-9,0.9999939799308777,0,0,0.34262099862098694,0,1
B10,mixamorig_LeftHand,9,0.7764452695846558,0.0746239423751831,-0.6257506608963013,0,-0.13489288091659546,0.9896299839019775,-0.04935966059565544,0,0.6155782341957092,0.12273437529802322,0.7784597873687744,0,0,0.26333799958229065,0,1
B11,mixamorig_LeftHandThumb1,10,0.9787099361419678,0.10266897827386856,-0.17772498726844788,0,-0.04385899752378464,0.950514018535614,0.30757105350494385,0,0.2005079984664917,-0.293227881193161,0.9347800016403198,0,-0.034602001309394836,0.04176099970936775,0.01565299928188324,1
B12,mixamorig_LeftHandThumb2,11,0.9999410510063171,0.008438851684331894,0.006867913529276848,0,-0.008702149614691734,0.9991910457611084,0.03925676643848419,0,-0.006531078834086657,-0.039314236491918564,0.999206006526947,0,-0.006093999836593866,0.04474499821662903,0,1
B13,mixamorig_LeftHandThumb3,12,0.9961619973182678,0.08713589608669281,0.008261140435934067,0,-0.0867341086268425,0.9954079985618591,-0.040495965629816055,0,-0.011751866899430752,0.03962405025959015,0.999146044254303,0,0.0011159999994561076,0.04538600146770477,0,1
B14,mixamorig_LeftHandThumb4,13,1,0,0,0,0,1,0,0,0,0,1,0,0.004978000186383724,0.03371499851346016,0,1
B15,mixamorig_LeftHandIndex1,10,0.9642379879951477,-0.2640198767185211,-0.023213114589452744,0,0.2648451030254364,0.9631749391555786,0.046369150280952454,0,0.010115922428667545,-0.050858814269304276,0.9986549615859985,0,-0.030300000682473183,0.10593900084495544,-0.0027660001069307327,1
B16,mixamorig_LeftHandIndex2,15,0.9999799728393555,-0.006380852311849594,-0.0002286492963321507,0,0.006383167579770088,0.9982150197029114,0.059380386024713516,0,-0.00015065618208609521,-0.059380609542131424,0.9982349872589111,0,0.00009899999713525176,0.04404199868440628,0,1
B17,mixamorig_LeftHandIndex3,16,0.9999039769172668,-0.0137640917673707,-0.0012420591665431857,0,0.01378989964723587,0.9877559542655945,0.15539637207984924,0,-0.0009120387258008122,-0.15539860725402832,0.987851083278656,0,-0.000029000000722589903,0.04240899905562401,0,1
B18,mixamorig_LeftHandIndex4,17,1,0,0,0,0,1,0,0,0,0,1,0,-0.00007000000186963007,0.03294000029563904,0,1
B19,mixamorig_LeftHandMiddle1,10,0.9657780528068542,-0.2578608989715576,-0.027942294254899025,0,0.2575850486755371,0.9661669135093689,-0.013122341595590115,0,0.030380629003047943,0.005475746933370829,0.9995229840278625,0,0.030300000682473183,0.11164599657058716,-0.0014590000500902534,1
B20,mixamorig_LeftHandMiddle2,19,0.9999760389328003,-0.006955983117222786,-0.00011297944729449227,0,0.006956014782190323,0.9999759793281555,0.0002811104932334274,0,0.0001110212760977447,-0.0002818895154632628,0.9999999403953552,0,0.00021300000662449747,0.04402000084519386,0,1
B21,mixamorig_LeftHandMiddle3,20,1,-0.0006109988898970187,-0.00003399993511266075,0,0.0006109988898970187,1,-1.038696240129866e-8,0,0.000033999927836703137,-1.0386957072228142e-8,1,0,-0.0001340000017080456,0.041847001761198044,0,1
B22,mixamorig_LeftHandMiddle4,21,1,0,0,0,0,1,0,0,0,0,1,0,-0.0000779999973019585,0.033316999673843384,0,1
B23,mixamorig_RightShoulder,3,-0.07255604863166809,-0.002334914170205593,0.9973618984222412,0,-0.9258831143379211,-0.3715984523296356,-0.06822609901428223,0,0.3707774877548218,-0.9283907413482666,0.024799929931759834,0,-0.06413300335407257,0.11212100088596344,0.001088000019080937,1
B24,mixamorig_RightArm,23,0.7790539264678955,-0.1788790374994278,-0.6008960604667664,0,-0.11714009940624237,0.9000269174575806,-0.41979706287384033,0,0.6159160137176514,0.39743390679359436,0.6802161335945129,0,0,0.13357900083065033,0,1
B25,mixamorig_RightForeArm,24,0.9857860207557678,-0.1679832488298416,-0.0028447690419852734,0,0.16793975234031677,0.9857280254364014,-0.011650154367089272,0,0.004761199001222849,0.011006808839738369,0.9999280571937561,0,0,0.34262698888778687,0,1
B26,mixamorig_RightHand,25,0.923707902431488,-0.21893920004367828,0.31437215209007263,0,0.37032976746559143,0.7203950881958008,-0.5864190459251404,0,-0.09808200597763062,0.6581010222434998,0.7465140223503113,0,0,0.2633880078792572,0,1
B27,mixamorig_RightHandThumb1,26,0.9786689281463623,-0.11070207506418228,0.17306700348854065,0,0.05451490730047226,0.9521399736404419,0.3007611036300659,0,-0.1980789750814438,-0.2849109172821045,0.937865138053894,0,0.03554899990558624,0.0424639992415905,0.014188000001013279,1
B28,mixamorig_RightHandThumb2,27,0.9991570115089417,0.04014703258872032,-0.00856123585253954,0,-0.039698973298072815,0.998091995716095,0.04729738458991051,0,0.01044374704360962,-0.0469176210463047,0.9988440275192261,0,0.006397999823093414,0.045285001397132874,0,1
B29,mixamorig_RightHandThumb3,28,0.9773299098014832,-0.21092626452445984,-0.018345899879932404,0,0.2098747193813324,0.9765790700912476,-0.04738527536392212,0,0.027911022305488586,0.04246070981025696,0.9987080097198486,0,0.0006500000017695129,0.04655800014734268,0,1
B30,mixamorig_RightHandThumb4,29,1,0,0,0,0,1,0,0,0,0,1,0,-0.0070489998906850815,0.0349389985203743,0,1
B31,mixamorig_RightHandIndex1,26,0.9694099426269531,0.24462512135505676,0.020083902403712273,0,-0.2454458624124527,0.9657930135726929,0.08367001265287399,0,0.0010708937188610435,-0.08604000508785248,0.9962909817695618,0,0.027493000030517578,0.10571800172328949,-0.002265000017359853,1
B32,mixamorig_RightHandIndex2,31,0.9996349811553955,0.026973573490977287,0.0013131543528288603,0,-0.026956403627991676,0.9937049746513367,0.10873916000127792,0,0.001628194935619831,-0.10873482376337051,0.99406898021698,0,-0.00020300000323913991,0.04592899978160858,0,1
B33,mixamorig_RightHandIndex3,32,0.9999939799308777,-0.0035709363874047995,0.00010178477532463148,0,0.003507027169689536,0.9867249727249146,0.1623631864786148,0,-0.0006802218267694116,-0.1623617708683014,0.9867309927940369,0,0.0005169999785721302,0.04402700066566467,0,1
B34,mixamorig_RightHandIndex4,33,1,0,0,0,0,1,0,0,0,0,1,0,-0.00031400000443682075,0.0326399989426136,0,1
B35,mixamorig_RightHandMiddle1,26,0.9695899486541748,0.24041101336479187,0.04580480977892876,0,-0.23946897685527802,0.9705790877342224,-0.025132032111287117,0,-0.050499171018600464,0.013398924842476845,0.9986339807510376,0,-0.027493000030517578,0.11250899732112885,-0.002948000095784664,1
B36,mixamorig_RightHandMiddle2,35,0.9999960064888,0.002758999587967992,-0.000001999995674850652,0,-0.002758999587967992,0.9999960064888,2.758999029239817e-9,0,0.000001999996129598003,2.7590001394628416e-9,1,0,0.00010099999781232327,0.04639999940991402,0,1
B37,mixamorig_RightHandMiddle3,36,0.9999009370803833,-0.014087999239563942,-0.0002909996546804905,0,0.014087999239563942,0.9999009966850281,-0.0000020499028323683888,0,0.0002909995964728296,-0.000002049901922873687,0.9999999403953552,0,0.00023299999884329736,0.040674999356269836,0,1
B38,mixamorig_RightHandMiddle4,37,1,0,0,0,0,1,0,0,0,0,1,0,-0.0003330000035930425,0.03270599991083145,0,1
B39,mixamorig_LeftUpLeg,0,-0.9898790121078491,-0.08681771159172058,0.11226167529821396,0,0.08477726578712463,-0.9961379170417786,-0.02283216454088688,0,0.11381032317876816,-0.013083838857710361,0.9934159517288208,0,0.09619099646806717,-0.04876000061631203,0.018198000267148018,1
B40,mixamorig_LeftLeg,39,0.9882460236549377,-0.08661296963691711,0.1259710043668747,0,0.1434900313615799,0.8097909688949585,-0.5689011216163635,0,-0.05273599177598953,0.580289900302887,0.8127010464668274,0,0,0.3862819969654083,0,1
B41,mixamorig_LeftFoot,40,0.976593017578125,0.08564692735671997,0.19731099903583527,0,-0.19670704007148743,0.726737916469574,0.6581480503082275,0,-0.08702497184276581,-0.6815548539161682,0.7265740633010864,0,0,0.49035900831222534,0,1
B42,mixamorig_LeftToeBase,41,0.9955860376358032,-0.09149805456399918,0.020905939862132072,0,0.008212925866246223,0.30682098865509033,0.9517319202423096,0,-0.09349597245454788,-0.9473589658737183,0.30621805787086487,0,0,0.14722399413585663,0,1
B43,mixamorig_LeftToe_End,42,1,0,0,0,0,1,0,0,0,0,1,0,0,0.055275000631809235,0,1
B44,mixamorig_RightUpLeg,0,-0.9993408918380737,0.024717852473258972,-0.026572832837700844,0,-0.032198186963796616,-0.9416868090629578,0.33494704961776733,0,-0.016744110733270645,0.33558186888694763,0.9418620467185974,0,-0.09619099646806717,-0.04876000061631203,0.022193999961018562,1
B45,mixamorig_RightLeg,44,0.9880040287971497,0.13016371428966522,-0.08309898525476456,0,-0.1544262170791626,0.8353398442268372,-0.5275970697402954,0,0.0007418928435072303,0.5341008305549622,0.8454201221466064,0,0,0.3863469958305359,0,1
B46,mixamorig_RightFoot,45,0.9774459600448608,-0.16232383251190186,-0.13509325683116913,0,0.19795985519886017,0.48142918944358826,0.8538368940353394,0,-0.07356029003858566,-0.8613230586051941,0.502704918384552,0,0,0.48982900381088257,0,1
B47,mixamorig_RightToeBase,46,0.9998520016670227,0.005530246067792177,-0.01631906069815159,0,0.006616148632019758,0.7512738108634949,0.6599581837654114,0,0.015909794718027115,-0.6599677801132202,0.7511252164840698,0,0,0.15144699811935425,0,1
B48,mixamorig_RightToe_End,47,1,0,0,0,0,1,0,0,0,0,1,0,0,0.05614599958062172,0,1
@40,0,1,2,3,4,5,7,8,9,10,11,12,13,15,16,17,19,20,21,23,24,25,26,27,28,29,31,32,33,35,36,37,39,40,41,42,44,45,46,47
K0,0.9920900464057922,-0.0022149758879095316,-0.12550869584083557,0,0.003088023979216814,0.9999719858169556,0.006761953700333834,0,0.12549030780792236,-0.007096046581864357,0.9920699596405029,0,-0.006506999954581261,1.016890048980713,-0.015930000692605972,1,0.9985339641571045,-0.053958993405103683,-0.0043099443428218365,0,0.0541049987077713,0.9973480105400085,0.04867509379982948,0,0.0016720551066100597,-0.04883690923452377,0.9988049864768982,0,0,0.0878560021519661,0.006111999973654747,1,0.9997210502624512,-0.004602994304150343,0.023185938596725464,0,0.0053370059467852116,0.9994829893112183,-0.03169604018330574,0,-0.023028062656521797,0.031810954213142395,0.9992290735244751,0,0,0.10274600237607956,0,1,0.9997259974479675,-0.004460972733795643,0.022976651787757874,0,0.00519302673637867,0.9994779229164124,-0.03190021216869354,0,-0.022822346538305283,0.03201078251004219,0.9992270469665527,0,0,0.11742399632930756,0,1,0.9994890093803406,0.02334277331829071,-0.021857773885130882,0,-0.025756224989891052,0.9927289485931396,-0.11757904291152954,0,0.01895422488451004,0.1180819496512413,0.99282306432724,0,0,0.13210199773311615,0,1,0.9904419779777527,0.0740341767668724,-0.11637283861637115,0,-0.06747781485319138,0.9959560036659241,0.05930870771408081,0,0.12029317021369934,-0.050889287143945694,0.9914329648017883,0,0,0.12008199840784073,0.02579200081527233,1,0.01384864840656519,0.004719669930636883,-0.9998929500579834,0,0.9371921420097351,-0.3486306965351105,0.011334642767906189,0,-0.3485396206378937,-0.9372481107711792,-0.009251303970813751,0,0.06413300335407257,0.1121629998087883,0.0016899999463930726,1,0.6347078084945679,0.6278179287910461,0.4505442976951599,0,-0.3609481155872345,0.7563912868499756,-0.5455166101455688,0,-0.6832727789878845,0.18362051248550415,0.7066970467567444,0,0,0.13357900083065033,0,1,0.9999939799308777,0.0000010000002248489182,0.003577999770641327,0,0,1,0,0,-0.003577999770641327,0,0.9999939799308777,0,0,0.34262099862098694,0,1,0.776445209980011,0.07462403923273087,-0.6257506608963013,0,-0.13489297032356262,0.9896299839019775,-0.049359600991010666,0,0.6155782341957092,0.12273439764976501,0.7784597277641296,0,0,0.26333799958229065,0,1,0.9787099361419678,0.10266899317502975,-0.17772497236728668,0,-0.04385900869965553,0.950514018535614,0.30757108330726624,0,0.2005079984664917,-0.2932279109954834,0.9347800016403198,0,-0.034602001309394836,0.04176099970936775,0.01565299928188324,1,0.9999410510063171,0.008438849821686745,0.006867917720228434,0,-0.00870214868336916,0.9991910457611084,0.03925676643848419,0,-0.006531083025038242,-0.039314236491918564,0.999206006526947,0,-0.006093999836593866,0.04474499821662903,0,1,0.9961619973182678,0.08713588863611221,0.008261137641966343,0,-0.0867341011762619,0.9954079985618591,-0.04049595817923546,0,-0.011751863174140453,0.03962404280900955,0.999146044254303,0,0.0011159999994561076,0.04538600146770477,0,1,0.9642379879951477,-0.2640198767185211,-0.0232130978256464,0,0.2648451030254364,0.9631749391555786,0.046369172632694244,0,0.01011589914560318,-0.05085882917046547,0.9986549615859985,0,-0.030300000682473183,0.10593900084495544,-0.0027660001069307327,1,0.9999799728393555,-0.006380842532962561,-0.00022865243954584002,0,0.006383157800883055,0.9982150197029114,0.059380386024713516,0,-0.00015065244224388152,-0.059380609542131424,0.9982349872589111,0,0.00009899999713525176,0.04404199868440628,0,1,0.9999039769172668,-0.013764096423983574,-0.0012420493876561522,0,0.013789902441203594,0.9877559542655945,0.15539638698101044,0,-0.0009120493195950985,-0.15539862215518951,0.987851083278656,0,-0.000029000000722589903,0.04240899905562401,0,1,0.9657780528068542,-0.2578608989715576,-0.027942338958382607,0,0.2575850784778595,0.9661669135093689,-0.01312230248004198,0,0.03038066253066063,0.005475697573274374,0.9995229840278625,0,0.030300000682473183,0.11164599657058716,-0.0014590000500902534,1,0.9999760389328003,-0.006955984514206648,-0.00011297908349661157,0,0.006956016179174185,0.9999759793281555,0.0002811104932334274,0,0.000111020912299864,-0.0002818895154632628,0.9999999403953552,0,0.00021300000662449747,0.04402000084519386,0,1,1,-0.000610999995842576,-0.00003400000059627928,0,0.000610999995842576,1,0,0,0.000033999993320321664,0,1,0,-0.0001340000017080456,0.041847001761198044,0,1,-0.07255671918392181,-0.002334760967642069,0.997361958026886,0,-0.9258831143379211,-0.37159863114356995,-0.06822660565376282,0,0.37077757716178894,-0.9283908009529114,0.024800235405564308,0,-0.06413300335407257,0.11212100088596344,0.001088000019080937,1,0.7790539264678955,-0.17887906730175018,-0.6008960604667664,0,-0.11714007705450058,0.9000269174575806,-0.4197971224784851,0,0.6159160137176514,0.39743393659591675,0.6802161335945129,0,0,0.13357900083065033,0,1,0.985785961151123,-0.1679832637310028,-0.00284478347748518,0,0.16793976724147797,0.9857280254364014,-0.011650173924863338,0,0.004761217162013054,0.011006825603544712,0.9999280571937561,0,0,0.34262698888778687,0,1,0.923707902431488,-0.21893925964832306,0.31437209248542786,0,0.37032976746559143,0.7203950881958008,-0.5864189863204956,0,-0.09808192402124405,0.658100962638855,0.746514081954956,0,0,0.2633880078792572,0,1,0.9786689281463623,-0.11070208996534348,0.17306701838970184,0,0.054514914751052856,0.9521399736404419,0.3007611036300659,0,-0.19807898998260498,-0.2849109172821045,0.937865138053894,0,0.03554899990558624,0.0424639992415905,0.014188000001013279,1,0.9991570115089417,0.04014702886343002,-0.008561245165765285,0,-0.039698969572782516,0.998091995716095,0.04729738086462021,0,0.01044375542551279,-0.046917617321014404,0.9988440275192261,0,0.006397999823093414,0.045285001397132874,0,1,0.9773299098014832,-0.21092627942562103,-0.018345937132835388,0,0.2098747193813324,0.9765790700912476,-0.047385286539793015,0,0.02791105955839157,0.04246070981025696,0.9987080097198486,0,0.0006500000017695129,0.04655800014734268,0,1,0.9694099426269531,0.24462512135505676,0.020083896815776825,0,-0.2454458624124527,0.9657930135726929,0.0836700052022934,0,0.0010708983754739165,-0.08603999018669128,0.9962909817695618,0,0.027493000030517578,0.10571800172328949,-0.002265000017359853,1,0.9996349811553955,0.026973582804203033,0.001313175424002111,0,-0.02695641666650772,0.9937049746513367,0.10873917490243912,0,0.0016281753778457642,-0.10873483866453171,0.99406898021698,0,-0.00020300000323913991,0.04592899978160858,0,1,0.9999939799308777,-0.003570954082533717,0.00010177992953686044,0,0.0035070455633103848,0.9867249727249146,0.162363201379776,0,-0.0006802200223319232,-0.16236178576946259,0.9867309927940369,0,0.0005169999785721302,0.04402700066566467,0,1,0.9695899486541748,0.24041101336479187,0.045804813504219055,0,-0.23946897685527802,0.9705790877342224,-0.025132054463028908,0,-0.05049918219447136,0.013398946262896061,0.9986339807510376,0,-0.027493000030517578,0.11250899732112885,-0.002948000095784664,1,0.9999960064888,0.002759000053629279,-0.00000199999976757681,0,-0.002759000053629279,0.9999960064888,0,0,0.000002000000222324161,0,1,0,0.00010099999781232327,0.04639999940991402,0,1,0.9999009370803833,-0.014088002033531666,-0.00029100003303028643,0,0.014088002033531666,0.9999009966850281,-0.000002049905560852494,0,0.0002909999748226255,-0.000002049905560852494,0.9999999403953552,0,0.00023299999884329736,0.040674999356269836,0,1,-0.9898790121078491,-0.08681771904230118,0.11226168274879456,0,0.08477727323770523,-0.9961379170417786,-0.02283216454088688,0,0.11381033062934875,-0.013083836995065212,0.9934159517288208,0,0.09619099646806717,-0.04876000061631203,0.018198000267148018,1,0.9882460236549377,-0.08661297708749771,0.1259710192680359,0,0.1434900462627411,0.8097909688949585,-0.5689011812210083,0,-0.052735984325408936,0.5802899599075317,0.8127009868621826,0,0,0.3862819969654083,0,1,0.976593017578125,0.08564694225788116,0.19731101393699646,0,-0.19670705497264862,0.726737916469574,0.6581480503082275,0,-0.0870249792933464,-0.6815548539161682,0.7265740633010864,0,0,0.49035900831222534,0,1,0.9955860376358032,-0.09149809926748276,0.02090596966445446,0,0.008212910033762455,0.30682098865509033,0.9517319202423096,0,-0.09349602460861206,-0.9473589658737183,0.30621805787086487,0,0,0.14722399413585663,0,1,-0.9993409514427185,0.024717826396226883,-0.026572857052087784,0,-0.03219817206263542,-0.9416868090629578,0.3349470794200897,0,-0.016744142398238182,0.33558189868927,0.9418619871139526,0,-0.09619099646806717,-0.04876000061631203,0.022193999961018562,1,0.9880040287971497,0.13016372919082642,-0.08309905230998993,0,-0.15442626178264618,0.8353398442268372,-0.5275971293449402,0,0.000741940806619823,0.5341008901596069,0.8454200625419617,0,0,0.3863469958305359,0,1,0.9774459600448608,-0.1623239815235138,-0.13509336113929749,0,0.1979599893093109,0.4814291000366211,0.8538368940353394,0,-0.07356037944555283,-0.8613230586051941,0.5027048587799072,0,0,0.48982900381088257,0,1,0.9998520016670227,0.005530225113034248,-0.01631915010511875,0,0.006616224534809589,0.7512737512588501,0.6599582433700562,0,0.015909848734736443,-0.659967839717865,0.751125156879425,0,0,0.15144699811935425,0,1
K0.034,0.997021496295929,-0.0027279823552817106,-0.07707250118255615,0,0.004542187321931124,0.9997161626815796,0.023373451083898544,0,0.07698691636323929,-0.023653928190469742,0.996751606464386,0,-0.005432387348264456,1.0068726539611816,0.009621934033930302,1,0.9990569949150085,-0.043164368718862534,-0.004783277865499258,0,0.043339841067790985,0.9979855418205261,0.046319011598825455,0,0.002774312160909176,-0.04648265987634659,0.9989156126976013,0,0,0.0878560021519661,0.006111999973654747,1,0.9997410774230957,0.0003878825518768281,0.02277212403714657,0,0.00043854210525751114,0.9993420839309692,-0.03627487272024155,0,-0.022771190851926804,0.036275431513786316,0.9990822076797485,0,0,0.10274600237607956,0,1,0.9997460842132568,0.0005340232746675611,0.022532742470502853,0,0.00028760824352502823,0.9993352293968201,-0.03644489496946335,0,-0.022537225857377052,0.036442119628190994,0.9990812540054321,0,0,0.11742399632930756,0,1,0.99940025806427,0.018890706822276115,-0.029011579230427742,0,-0.022164361551404,0.9928830862045288,-0.11701557785272598,0,0.026594603434205055,0.11758843809366226,0.9927064776420593,0,0,0.13210199773311615,0,1,0.986504077911377,0.06726367771625519,-0.14928247034549713,0,-0.060037292540073395,0.9968193769454956,0.052402008324861526,0,0.15233245491981506,-0.04273229464888573,0.9874050617218018,0,0,0.12008199840784073,0.02579200081527233,1,0.0115304384380579,0.004580673761665821,-0.9999232292175293,0,0.9372703433036804,-0.34848257899284363,0.009211613796651363,0,-0.3484134376049042,-0.9373043179512024,-0.0083115603774786,0,0.06413300335407257,0.1121629998087883,0.0016899999463930726,1,0.657179057598114,0.6059165000915527,0.4483082890510559,0,-0.3505464494228363,0.7722429633140564,-0.5298651456832886,0,-0.6672578454017639,0.19106364250183105,0.7199047207832336,0,0,0.13357900083065033,0,1,0.9999939799308777,0.0000010000002248489182,0.0035770058166235685,0,0,1,0,0,-0.0035770058166235685,0,0.9999939799308777,0,0,0.34262099862098694,0,1,0.7882565259933472,0.06790252029895782,-0.6115881204605103,0,-0.13131499290466309,0.9895610809326172,-0.059380169957876205,0,0.6011714935302734,0.12711744010448456,0.7889443039894104,0,0,0.26333799958229065,0,1,0.9787099361419678,0.10266899317502975,-0.17772497236728668,0,-0.04385900869965553,0.950514018535614,0.30757108330726624,0,0.2005079984664917,-0.2932279109954834,0.9347800016403198,0,-0.034602001309394836,0.04176099970936775,0.01565299928188324,1,0.9999410510063171,0.008438851684331894,0.006867915857583284,0,-0.00870214682072401,0.9991909861564636,0.0392562635242939,0,-0.006531084887683392,-0.03931373357772827,0.9992060661315918,0,-0.006093999836593866,0.04474499821662903,0,1,0.9961619973182678,0.08713539689779282,0.008261148817837238,0,-0.0867336168885231,0.9954079985618591,-0.04049595072865486,0,-0.011751853860914707,0.039624039083719254,0.999146044254303,0,0.0011159999994561076,0.04538600146770477,0,1,0.9643439650535583,-0.26363351941108704,-0.023208091035485268,0,0.2643962800502777,0.963559091091156,0.04061029106378555,0,0.011656120419502258,-0.045298367738723755,0.9989049434661865,0,-0.030300000682473183,0.10593900084495544,-0.0027660001069307327,1,0.9999820590019226,-0.005981351248919964,-0.00020604893506970257,0,0.005983795039355755,0.9985436797142029,0.05361427366733551,0,-0.00011493696365505457,-0.053614549338817596,0.9985616207122803,0,0.00009899999713525176,0.04404199868440628,0,1,0.9999070763587952,-0.01356795709580183,-0.0012029091594740748,0,0.013592652976512909,0.9882028102874756,0.1525433510541916,0,-0.0008809837745502591,-0.15254558622837067,0.9882957339286804,0,-0.000029000000722589903,0.04240899905562401,0,1,0.9657780528068542,-0.2578608989715576,-0.027942338958382607,0,0.2575850784778595,0.9661669135093689,-0.01312230248004198,0,0.03038066253066063,0.005475697573274374,0.9995229840278625,0,0.030300000682473183,0.11164599657058716,-0.0014590000500902534,1,0.9999760389328003,-0.006955984514206648,-0.00011297908349661157,0,0.006956016179174185,0.9999759793281555,0.0002811104932334274,0,0.000111020912299864,-0.0002818895154632628,0.9999999403953552,0,0.00021300000662449747,0.04402000084519386,0,1,1,-0.000610999995842576,-0.000035000000934815034,0,0.000610999995842576,1,0,0,0.00003499999365885742,0,1,0,-0.0001340000017080456,0.041847001761198044,0,1,-0.06895214319229126,-0.0019107008120045066,0.997618556022644,0,-0.9302269816398621,-0.3611840009689331,-0.06498607993125916,0,0.3604480028152466,-0.9324923753738403,0.023127105087041855,0,-0.06413300335407257,0.11212100088596344,0.001088000019080937,1,0.7817612886428833,-0.19581252336502075,-0.5920355916023254,0,-0.0901375412940979,0.9039620161056519,-0.4180038273334503,0,0.617028534412384,0.3801441490650177,0.6890329718589783,0,0,0.13357900083065033,0,1,0.9882152080535889,-0.15304124355316162,-0.0030131677631288767,0,0.15300174057483673,0.9881691336631775,-0.010614002123475075,0,0.0046018981374800205,0.01002789568156004,0.9999391436576843,0,0,0.34262698888778687,0,1,0.9094620943069458,-0.2798423171043396,0.3075188994407654,0,0.4118083119392395,0.7083252668380737,-0.5733131766319275,0,-0.0573861226439476,0.6480457186698914,0.7594366669654846,0,0,0.2633880078792572,0,1,0.9786689281463623,-0.11070208996534348,0.17306701838970184,0,0.054514914751052856,0.9521399736404419,0.3007611036300659,0,-0.19807898998260498,-0.2849109172821045,0.937865138053894,0,0.03554899990558624,0.0424639992415905,0.014188000001013279,1,0.9991570115089417,0.04014803096652031,-0.0085612116381526,0,-0.039699967950582504,0.9980919361114502,0.0472978837788105,0,0.010443789884448051,-0.0469181090593338,0.9988440275192261,0,0.006397999823093414,0.045285001397132874,0,1,0.9773300290107727,-0.21092577278614044,-0.018344949930906296,0,0.209874227643013,0.976578950881958,-0.04738517478108406,0,0.027910050004720688,0.04246082901954651,0.9987080693244934,0,0.0006500000017695129,0.04655800014734268,0,1,0.9693528413772583,0.24484890699386597,0.020093906670808792,0,-0.2456667274236679,0.9655423164367676,0.08588442951440811,0,0.0016271922504529357,-0.08818875253200531,0.9961028099060059,0,0.027493000030517578,0.10571800172328949,-0.002265000017359853,1,0.9996289610862732,0.027201194316148758,0.00136402971111238,0,-0.02718454971909523,0.9934534430503845,0.11095233261585236,0,0.001662936294451356,-0.11094827204942703,0.9938244819641113,0,-0.00020300000323913991,0.04592899978160858,0,1,0.9999939799308777,-0.003455058904364705,0.00011036283103749156,0,0.0033905478194355965,0.9865440130233765,0.163462296128273,0,-0.0006736496579833329,-0.16346094012260437,0.9865497946739197,0,0.0005169999785721302,0.04402700066566467,0,1,0.9695900082588196,0.24041102826595306,0.045804258435964584,0,-0.2394689917564392,0.9705790281295776,-0.025132494047284126,0,-0.05049875006079674,0.01339950691908598,0.9986339807510376,0,-0.027493000030517578,0.11250899732112885,-0.002948000095784664,1,0.9999960064888,0.002759000053629279,-0.00000199999976757681,0,-0.002759000053629279,0.9999960064888,0,0,0.000002000000222324161,0,1,0,0.00010099999781232327,0.04639999940991402,0,1,0.9999009370803833,-0.014088002033531666,-0.00029100003303028643,0,0.014088002033531666,0.9999009966850281,-0.000002049905560852494,0,0.0002909999748226255,-0.000002049905560852494,0.9999999403953552,0,0.00023299999884329736,0.040674999356269836,0,1,-0.9901153445243835,-0.07798958569765091,0.11657638102769852,0,0.07439693063497543,-0.9966188073158264,-0.03486419469118118,0,0.11890125274658203,-0.02584664709866047,0.9925697445869446,0,0.09619099646806717,-0.04876000061631203,0.018198000267148018,1,0.9872944951057434,-0.0723203718662262,0.14148959517478943,0,0.14073508977890015,0.8114013671875,-0.5672934651374817,0,-0.07377796620130539,0.579998254776001,0.8112701177597046,0,0,0.3862819969654083,0,1,0.9748494029045105,0.06884495168924332,0.21196512877941132,0,-0.19621525704860687,0.7161290645599365,0.6698199510574341,0,-0.10568064451217651,-0.6945642232894897,0.7116262912750244,0,0,0.49035900831222534,0,1,0.9951202869415283,-0.09650881588459015,0.020525259897112846,0,0.0072400844655931,0.27888742089271545,0.960296630859375,0,-0.09840131551027298,-0.9554619789123535,0.27822521328926086,0,0,0.14722399413585663,0,1,-0.999870240688324,0.004714548587799072,-0.015378301031887531,0,-0.00983018334954977,-0.9358603954315186,0.3522331714630127,0,-0.012731336057186127,0.3523390293121338,0.935786247253418,0,-0.09619099646806717,-0.04876000061631203,0.022193999961018562,1,0.9885842204093933,0.10500486940145493,-0.10805074125528336,0,-0.14808036386966705,0.8094881176948547,-0.568156361579895,0,0.027806606143712997,0.5776706337928772,0.8157963752746582,0,0,0.3863469958305359,0,1,0.9811371564865112,-0.13817767798900604,-0.13518936932086945,0,0.1818009465932846,0.4218403100967407,0.888255774974823,0,-0.06570886820554733,-0.8960791826248169,0.43900448083877563,0,0,0.48982900381088257,0,1,0.9998661279678345,0.004367807414382696,-0.015767380595207214,0,0.007015500217676163,0.7561618089675903,0.6543465256690979,0,0.01478075236082077,-0.6543696522712708,0.7560300230979919,0,0,0.15144699811935425,0,1
K0.067,0.999480128288269,-0.00011944814468733966,-0.03225560113787651,0,0.0012874960666522384,0.9993444085121155,0.036193929612636566,0,0.03223010525107384,-0.0362166091799736,0.9988242387771606,0,-0.004367087502032518,1.0009169578552246,0.03398004174232483,1,0.9993483424186707,-0.03576740249991417,-0.004862093832343817,0,0.035948194563388824,0.998367965221405,0.044371504336595535,0,0.003267106367275119,-0.0445173904299736,0.999003529548645,0,0,0.0878560021519661,0.006111999973654747,1,0.9997380971908569,0.004374795593321323,0.022474270313978195,0,-0.003474153345450759,0.9991951584815979,-0.039958178997039795,0,-0.022630982100963593,0.03986962139606476,0.9989482760429382,0,0,0.10274600237607956,0,1,0.9997430443763733,0.0045256600715219975,0.022206073626875877,0,-0.003632363397628069,0.9991891384124756,-0.04010436311364174,0,-0.02236955426633358,0.040013376623392105,0.9989482760429382,0,0,0.11742399632930756,0,1,0.999256432056427,0.01454151701182127,-0.035722363740205765,0,-0.018602415919303894,0.9930617213249207,-0.11611656099557877,0,0.03378595784306526,0.11669458448886871,0.9925925135612488,0,0,0.13210199773311615,0,1,0.9818358421325684,0.060699593275785446,-0.1797594428062439,0,-0.05303025618195534,0.9974784851074219,0.047171562910079956,0,0.18216943740844727,-0.03678203374147415,0.9825788140296936,0,0,0.12008199840784073,0.02579200081527233,1,0.010073649697005749,0.004502878990024328,-0.99993896484375,0,0.9368300437927246,-0.34969720244407654,0.007863136939704418,0,-0.3496403992176056,-0.936851978302002,-0.0077411639504134655,0,0.06413300335407257,0.1121629998087883,0.0016899999463930726,1,0.676311731338501,0.5861214399337769,0.44616734981536865,0,-0.3406960666179657,0.7859159708023071,-0.5160069465637207,0,-0.6530923247337341,0.19697391986846924,0.7312129735946655,0,0,0.13357900083065033,0,1,0.9999939799308777,0.0000010000002248489182,0.0035779874306172132,0,0,1,0,0,-0.0035779874306172132,0,0.9999939799308777,0,0,0.34262099862098694,0,1,0.7967580556869507,0.05909888446331024,-0.6014018058776855,0,-0.12705005705356598,0.9893447756767273,-0.07109884917736053,0,0.5907918214797974,0.13305670022964478,0.7957768440246582,0,0,0.26333799958229065,0,1,0.9787099361419678,0.10266899317502975,-0.17772497236728668,0,-0.04385900869965553,0.950514018535614,0.30757108330726624,0,0.2005079984664917,-0.2932279109954834,0.9347800016403198,0,-0.034602001309394836,0.04176099970936775,0.01565299928188324,1,0.9999410510063171,0.008438851684331894,0.006867915857583284,0,-0.00870214682072401,0.9991909861564636,0.039256270974874496,0,-0.006531084887683392,-0.03931374102830887,0.9992060661315918,0,-0.006093999836593866,0.04474499821662903,0,1,0.9961619973182678,0.08713538944721222,0.008261197246611118,0,-0.0867336168885231,0.9954080581665039,-0.040494970977306366,0,-0.011751816608011723,0.03962305560708046,0.9991459250450134,0,0.0011159999994561076,0.04538600146770477,0,1,0.964491605758667,-0.26309335231781006,-0.0232063140720129,0,0.263753741979599,0.9640408754348755,0.032556597143411636,0,0.013806403614580631,-0.03752129524946213,0.9992005825042725,0,-0.030300000682473183,0.10593900084495544,-0.0027660001069307327,1,0.9999850392341614,-0.005423950497061014,-0.00017829104035627097,0,0.005426444113254547,0.9989474415779114,0.045549679547548294,0,-0.00006895590195199475,-0.04554999619722366,0.9989625215530396,0,0.00009899999713525176,0.04404199868440628,0,1,0.9999111294746399,-0.013293094001710415,-0.0011486822040751576,0,0.013316228985786438,0.9888145923614502,0.14855284988880157,0,-0.000838893058244139,-0.14855490624904633,0.9889035224914551,0,-0.000029000000722589903,0.04240899905562401,0,1,0.9657780528068542,-0.2578608989715576,-0.027942338958382607,0,0.2575850784778595,0.9661669135093689,-0.01312230248004198,0,0.03038066253066063,0.005475697573274374,0.9995229840278625,0,0.030300000682473183,0.11164599657058716,-0.0014590000500902534,1,0.9999760389328003,-0.006955984514206648,-0.00011297908349661157,0,0.006956016179174185,0.9999759793281555,0.0002811104932334274,0,0.000111020912299864,-0.0002818895154632628,0.9999999403953552,0,0.00021300000662449747,0.04402000084519386,0,1,1,-0.000610999995842576,-0.000035000000934815034,0,0.000610999995842576,1,0,0,0.00003499999365885742,0,1,0,-0.0001340000017080456,0.041847001761198044,0,1,-0.06529046595096588,-0.0016060369089245796,0.9978647232055664,0,-0.9342093467712402,-0.35135138034820557,-0.06169098615646362,0,0.35070040822029114,-0.9362427592277527,0.02143954299390316,0,-0.06413300335407257,0.11212100088596344,0.001088000019080937,1,0.7826306819915771,-0.21386712789535522,-0.5845930576324463,0,-0.06421023607254028,0.906381368637085,-0.4175522029399872,0,0.6191651225090027,0.364326149225235,0.6956297159194946,0,0,0.13357900083065033,0,1,0.9906911253929138,-0.13608954846858978,-0.003185243345797062,0,0.13605442643165588,0.990656316280365,-0.009437866508960724,0,0.004439877346158028,0.008916645310819149,0.9999501705169678,0,0,0.34262698888778687,0,1,0.8907564282417297,-0.338468998670578,0.3033013939857483,0,0.45397090911865234,0.6942408680915833,-0.5585153698921204,0,-0.021524082869291306,0.6351914405822754,0.77205491065979,0,0,0.2633880078792572,0,1,0.9786689281463623,-0.11070208996534348,0.17306701838970184,0,0.054514914751052856,0.9521399736404419,0.3007611036300659,0,-0.19807898998260498,-0.2849109172821045,0.937865138053894,0,0.03554899990558624,0.0424639992415905,0.014188000001013279,1,0.9991570115089417,0.04014803096652031,-0.0085612116381526,0,-0.039699967950582504,0.9980919361114502,0.0472978837788105,0,0.010443789884448051,-0.0469181090593338,0.9988440275192261,0,0.006397999823093414,0.045285001397132874,0,1,0.9773300290107727,-0.21092577278614044,-0.018344955518841743,0,0.209874227643013,0.976578950881958,-0.04738517478108406,0,0.027910055592656136,0.04246082901954651,0.9987080693244934,0,0.0006500000017695129,0.04655800014734268,0,1,0.9692983627319336,0.24506576359272003,0.020103834569454193,0,-0.24587926268577576,0.9652941226959229,0.08803392201662064,0,0.002167987870052457,-0.09027427434921265,0.9959148168563843,0,0.027493000030517578,0.10571800172328949,-0.002265000017359853,1,0.9996229410171509,0.027422618120908737,0.0014136648969724774,0,-0.02740650624036789,0.9932050704956055,0.11310189962387085,0,0.001697491155937314,-0.11309799551963806,0.9935821294784546,0,-0.00020300000323913991,0.04592899978160858,0,1,0.9999939799308777,-0.0033427427988499403,0.00011883951810887083,0,0.0032776384614408016,0.9863670468330383,0.16452910006046295,0,-0.0006671977462247014,-0.16452768445014954,0.9863718748092651,0,0.0005169999785721302,0.04402700066566467,0,1,0.9695899486541748,0.24041101336479187,0.04580475389957428,0,-0.23946897685527802,0.9705790281295776,-0.025132549926638603,0,-0.050499241799116135,0.013399441726505756,0.9986339807510376,0,-0.027493000030517578,0.11250899732112885,-0.002948000095784664,1,0.9999960064888,0.002759000053629279,-0.0000019999824871774763,0,-0.002759000053629279,0.9999960064888,0,0,0.000002000017275349819,0,1,0,0.00010099999781232327,0.04639999940991402,0,1,0.9999009370803833,-0.014088002033531666,-0.00029100003303028643,0,0.014088002033531666,0.9999009966850281,-0.000002049905560852494,0,0.0002909999748226255,-0.000002049905560852494,0.9999999403953552,0,0.00023299999884329736,0.040674999356269836,0,1,-0.9902496337890625,-0.06602799147367477,0.12266510725021362,0,0.061687078326940536,-0.9973388314247131,-0.03885923698544502,0,0.12490434944629669,-0.0309134628623724,0.9916865825653076,0,0.09619099646806717,-0.04876000061631203,0.018198000267148018,1,0.986068844795227,-0.05849301815032959,0.15571382641792297,0,0.13780465722084045,0.8115460872650146,-0.5678049921989441,0,-0.0931563600897789,0.5813531279563904,0.8083012104034424,0,0,0.3862819969654083,0,1,0.9724055528640747,0.0645320937037468,0.22419585287570953,0,-0.2021341472864151,0.7128808498382568,0.6715230345726013,0,-0.11649006605148315,-0.6983098387718201,0.7062528729438782,0,0,0.49035900831222534,0,1,0.9948509335517883,-0.0993020236492157,0.02024894766509533,0,0.0066331010311841965,0.26317307353019714,0.9647253751754761,0,-0.1011282280087471,-0.9596242308616638,0.2624768018722534,0,0,0.14722399413585663,0,1,-0.9999591708183289,-0.006335217971354723,-0.006480684503912926,0,0.0036556983832269907,-0.9362905025482178,0.351205974817276,0,-0.00829276628792286,0.35116785764694214,0.9362752437591553,0,-0.09619099646806717,-0.04876000061631203,0.022193999961018562,1,0.9883363246917725,0.08634763956069946,-0.1254425197839737,0,-0.14409616589546204,0.7967682480812073,-0.5868538618087769,0,0.04927511885762215,0.5980841517448425,0.7999165654182434,0,0,0.3863469958305359,0,1,0.9846526980400085,-0.11314717680215836,-0.13288135826587677,0,0.1660037636756897,0.3721507787704468,0.9132073521614075,0,-0.0538749098777771,-0.9212504029273987,0.385221928358078,0,0,0.48982900381088257,0,1,0.9998860955238342,0.002500341273844242,-0.014860249124467373,0,0.007678738795220852,0.7639631628990173,0.6452134251594543,0,0.012965945526957512,-0.6452544927597046,0.7638574242591858,0,0,0.15144699811935425,0,1
