12.133,30,364,49
B0,mixamorig_Hips,-1,0.999222993850708,-0.00557918194681406,0.03902227059006691,0,-0.004841098096221685,0.9650710821151733,0.2619438171386719,0,-0.039120689034461975,-0.26192915439605713,0.9642940163612366,0,-0.0003490000090096146,0.8796380162239075,-0.07589299976825714,1
B1,mixamorig_Spine,0,0.9997109770774841,-0.009096664376556873,-0.022240156307816505,0,0.011989309452474117,0.990962028503418,0.13360495865345,0,0.020823799073696136,-0.13383303582668304,0.9907850027084351,0,0,0.11008600145578384,-0.00837200041860342,1
B2,mixamorig_Spine1,1,0.999794065952301,0.0014591054059565067,-0.020260019227862358,0,0.0016790982335805893,0.9880660176277161,0.15401984751224518,0,0.02024296671152115,-0.15402214229106903,0.9878600239753723,0,0,0.1288049966096878,0,1
B3,mixamorig_Spine2,2,0.9998189210891724,0.0008758410695008934,-0.019015206024050713,0,0.0020668075885623693,0.988040030002594,0.1541818380355835,0,0.018922818824648857,-0.15419316291809082,0.9878589510917664,0,0,0.14720599353313446,0,1
B4,mixamorig_Neck,3,0.9999240040779114,-0.005788982845842838,-0.010908114723861217,0,0.004282032605260611,0.9910489916801453,-0.13342894613742828,0,0.011582888662815094,0.13337203860282898,0.9909980297088623,0,0,0.16560600697994232,0,1
B5,mixamorig_Head,4,0.9974049925804138,-0.06585883349180222,-0.02909340150654316,0,0.02803139202296734,0.7274059057235718,-0.6856350302696228,0,0.06631781160831451,0.6830400228500366,0.7273640632629395,0,0,0.08496599644422531,0.01975099928677082,1
B6,mixamorig_HeadTop_End,5,1,0,0,0,0,1,0,0,0,0,1,0,0,0.30749499797821045,0.07147900015115738,1
B7,mixamorig_LeftShoulder,3,-0.0007792968535795808,0.03494700789451599,-0.9993889927864075,0,0.9109631180763245,-0.41221076250076294,-0.015124683268368244,0,-0.412487268447876,-0.9104177951812744,-0.03151419013738632,0,0.06706299632787704,0.14291900396347046,-0.0019680000841617584,1
B8,mixamorig_LeftArm,7,0.8386908769607544,0.5061551332473755,0.2010088413953781,0,-0.5091229677200317,0.5976380705833435,0.6193720102310181,0,0.19336780905723572,-0.6218000650405884,0.7589290142059326,0,0,0.14049600064754486,0,1
B9,mixamorig_LeftForeArm,8,-0.3226720690727234,0.9387019276618958,0.12132998555898666,0,-0.9388489723205566,-0.3336968421936035,0.08490504324436188,0,0.12018796056509018,-0.08651404082775116,0.9889739751815796,0,0,0.2554129958152771,0,1
B10,mixamorig_LeftHand,9,0.9875389933586121,-0.05631418153643608,-0.14695115387439728,0,0.03472588211297989,0.9887430667877197,-0.14553877711296082,0,0.15349283814430237,0.1386222094297409,0.9783779978752136,0,0,0.34023499488830566,0,1
B11,mixamorig_LeftHandThumb1,10,0.9585079550743103,-0.18734198808670044,-0.2148600071668625,0,0.2414720356464386,0.9341750741004944,0.2626950740814209,0,0.15150301158428192,-0.3036779463291168,0.9406519532203674,0,-0.036233000457286835,0.04500100016593933,0.014795999974012375,1
B12,mixamorig_LeftHandThumb2,11,0.992268979549408,-0.12016601115465164,0.031018633395433426,0,0.11503493040800095,0.9843530058860779,0.1334739774465561,0,-0.046572357416152954,-0.12887397408485413,0.9905670285224915,0,-0.007187000010162592,0.04716699942946434,0,1
B13,mixamorig_LeftHandThumb3,12,0.9851019382476807,0.16239918768405914,0.05656677111983299,0,-0.16249677538871765,0.9867050647735596,-0.0029030616860836744,0,-0.05628620833158493,-0.0063321092166006565,0.9983950853347778,0,-0.0006140000186860561,0.04713800176978111,0,1
B14,mixamorig_LeftHandThumb4,13,1,0,0,0,0,1,0,0,0,0,1,0,0.007801999803632498,0.03242800012230873,0,1
B15,mixamorig_LeftHandIndex1,10,0.9698330760002136,-0.24289469420909882,-0.020629672333598137,0,0.24137134850025177,0.9450078010559082,0.2206793874502182,0,-0.03410666063427925,-0.2190016657114029,0.9751280546188354,0,-0.027077000588178635,0.11180499941110611,-0.0020099999383091927,1
B16,mixamorig_LeftHandIndex2,15,0.9992930293083191,-0.03742709383368492,-0.0035098425578325987,0,0.037415940314531326,0.9812780022621155,0.1889260858297348,0,-0.003626824589446187,-0.1889239102602005,0.9819849729537964,0,0.0004090000002179295,0.04513299837708473,0,1
B17,mixamorig_LeftHandIndex3,16,0.999970018863678,-0.0076707894913852215,-0.0009381218114867806,0,0.007725197821855545,0.9954559803009033,0.09490577131509781,0,0.0002058569371001795,-0.09491023421287537,0.9954860806465149,0,-0.00027600000612437725,0.044482000172138214,0,1
B18,mixamorig_LeftHandIndex4,17,1,0,0,0,0,1,0,0,0,0,1,0,-0.00013299999409355223,0.02925099991261959,0,1
B19,mixamorig_LeftHandMiddle1,10,0.9671270251274109,-0.24897891283035278,-0.05172579735517502,0,0.2542230486869812,0.9417939186096191,0.21998998522758484,0,-0.006057823076844215,-0.22590801119804382,0.9741299152374268,0,0.027077000588178635,0.1185849979519844,-0.003323999932035804,1
B20,mixamorig_LeftHandMiddle2,19,0.9998930096626282,-0.01443224772810936,-0.00222275429405272,0,0.014591804705560207,0.9817200303077698,0.1897718906402588,0,-0.000556713028345257,-0.18978409469127655,0.9818259477615356,0,-0.00019799999427050352,0.04519199952483177,0,1
B21,mixamorig_LeftHandMiddle3,20,0.999993085861206,0.0036692579742521048,0.0009362694690935314,0,-0.0037417178973555565,0.9954530000686646,0.09518411755561829,0,-0.0005827567656524479,-0.09518688172101974,0.9954590201377869,0,-0.0001250000059371814,0.041508998721838,0,1
B22,mixamorig_LeftHandMiddle4,21,1,0,0,0,0,1,0,0,0,0,1,0,0.0003229999856557697,0.03116600029170513,0,1
B23,mixamorig_RightShoulder,3,-0.0839778259396553,0.009445883333683014,0.9964228868484497,0,-0.9683869481086731,-0.23648887872695923,-0.07937316596508026,0,0.2348930984735489,-0.9715878963470459,0.02900714799761772,0,-0.06706299632787704,0.14288300275802612,-0.0014860000228509307,1
B24,mixamorig_RightArm,23,0.8778121471405029,-0.45081573724746704,-0.16189615428447723,0,0.418023943901062,0.5559518933296204,0.7184521555900574,0,-0.23388312757015228,-0.6983426809310913,0.6764732599258423,0,0,0.14049600064754486,0,1
B25,mixamorig_RightForeArm,24,-0.3846871852874756,-0.914845883846283,-0.12277013063430786,0,0.9149681329727173,-0.395490825176239,0.08012256771326065,0,-0.12185437977313995,-0.08150870352983475,0.9891960620880127,0,0,0.2553809881210327,0,1
B26,mixamorig_RightHand,25,0.98853999376297,0.12909677624702454,0.07824904471635818,0,-0.12172321230173111,0.9882309436798096,-0.09264221042394638,0,-0.08928795158863068,0.08205581456422806,0.9926199913024902,0,0,0.3401840031147003,0,1
B27,mixamorig_RightHandThumb1,26,0.968779981136322,0.1350686252117157,0.20789815485477448,0,-0.204328253865242,0.909911036491394,0.36098772287368774,0,-0.14041070640087128,-0.3921971917152405,0.9091020226478577,0,0.03276899829506874,0.04479999840259552,0.012749000452458858,1
B28,mixamorig_RightHandThumb2,27,0.9559909701347351,0.2924480438232422,0.023548057302832603,0,-0.29333096742630005,0.9510300159454346,0.09745674580335617,0,0.0061061265878379345,-0.10007522255182266,0.9949610233306885,0,0.006155000068247318,0.0451430007815361,0,1
B29,mixamorig_RightHandThumb3,28,0.9697229862213135,-0.2432350516319275,-0.02177678979933262,0,0.2429109662771225,0.9699079990386963,-0.01649712584912777,0,0.025134172290563583,0.010707826353609562,0.9996269941329956,0,0.0034459999296814203,0.04967400059103966,0,1
B30,mixamorig_RightHandThumb4,29,1,0,0,0,0,1,0,0,0,0,1,0,-0.009600000455975533,0.03411800041794777,0,1
B31,mixamorig_RightHandIndex1,26,0.9671611189842224,0.2536287009716034,0.0164848193526268,0,-0.25102633237838745,0.9430510401725769,0.2182677686214447,0,0.039812952280044556,-0.21523824334144592,0.9757499098777771,0,0.02802800014615059,0.12250400334596634,-0.0021009999327361584,1
B32,mixamorig_RightHandIndex2,31,0.9969930648803711,0.07552916556596756,0.01734720543026924,0,-0.07537476718425751,0.8930891752243042,0.44352075457572937,0,0.018006132915616035,-0.4434942305088043,0.896095871925354,0,-0.00019799999427050352,0.04234699904918671,0,1
B33,mixamorig_RightHandIndex3,32,0.9994559288024902,0.032732266932725906,0.004112159833312035,0,-0.03280770033597946,0.9731240272521973,0.22793209552764893,0,0.0034590912982821465,-0.22794289886951447,0.9736679792404175,0,0.00014899999951012433,0.04002400115132332,0,1
B34,mixamorig_RightHandIndex4,33,1,0,0,0,0,1,0,0,0,0,1,0,0.00004999999873689376,0.0261439997702837,0,1
B35,mixamorig_RightHandMiddle1,26,0.9654938578605652,0.2564442753791809,0.04536409303545952,0,-0.2600896954536438,0.9406590461730957,0.21797791123390198,0,0.013227046467363834,-0.22225505113601685,0.9748989343643188,0,-0.02802800014615059,0.12498000264167786,-0.005152999889105558,1
B36,mixamorig_RightHandMiddle2,35,0.9987030029296875,0.04940878599882126,0.012255311012268066,0,-0.04969304800033569,0.893993079662323,0.445315957069397,0,0.011046373285353184,-0.44534796476364136,0.895289957523346,0,0.000195999993593432,0.04298099875450134,0,1
B37,mixamorig_RightHandMiddle3,36,0.9996259808540344,0.027262931689620018,0.0022490094415843487,0,-0.027054063975811005,0.9730909466743469,0.22882743179798126,0,0.004050013609230518,-0.22880257666110992,0.9734641313552856,0,-0.00010299999848939478,0.03868500143289566,0,1
B38,mixamorig_RightHandMiddle4,37,1,0,0,0,0,1,0,0,0,0,1,0,-0.00009300000237999484,0.02264700084924698,0,1
B39,mixamorig_LeftUpLeg,0,-0.961781919002533,-0.03771500661969185,0.27120596170425415,0,0.19705891609191895,-0.783030092716217,0.5899417400360107,0,0.19011290371418,0.6208391785621643,0.760536789894104,0,0.096499003469944,-0.06121499836444855,-0.006161999888718128,1
B40,mixamorig_LeftLeg,39,0.9859029650688171,0.02038632147014141,0.16606923937797546,0,0.06342720985412598,0.8729288578033447,-0.4837071895599365,0,-0.15482765436172485,0.4874217212200165,0.8593302369117737,0,0,0.40013301372528076,0,1
B41,mixamorig_LeftFoot,40,0.9200209379196167,-0.060560889542102814,0.3871610164642334,0,-0.290010005235672,0.5592256188392639,0.7766342163085938,0,-0.2635441720485687,-0.8268007636070251,0.4969363212585449,0,0,0.3469749987125397,0,1
B42,mixamorig_LeftToeBase,41,0.9909520149230957,-0.00004183308919891715,-0.13421620428562164,0,0.0810210108757019,0.7974280118942261,0.5979499816894531,0,0.10700273513793945,-0.603413999080658,0.7902161478996277,0,0,0.1738719940185547,0,1
B43,mixamorig_LeftToe_End,42,1,0,0,0,0,1,0,0,0,0,1,0,0,0.05625300109386444,0,1
B44,mixamorig_RightUpLeg,0,-0.9034188985824585,-0.14208348095417023,-0.4045330286026001,0,-0.14653319120407104,-0.7843701839447021,0.6027367115020752,0,-0.40294262766838074,0.6038013100624084,0.6877949833869934,0,-0.096499003469944,-0.06121499836444855,-0.005671000108122826,1
B45,mixamorig_RightLeg,44,0.9816129803657532,-0.16197404265403748,-0.1009918823838234,0,0.09085690975189209,0.8617900609970093,-0.4990629553794861,0,0.16786909103393555,0.4807110130786896,0.860660970211029,0,0,0.40010398626327515,0,1
B46,mixamorig_RightFoot,45,0.9399160146713257,0.14136278629302979,-0.3107641041278839,0,0.18352271616458893,0.558345377445221,0.8090547919273376,0,0.28788405656814575,-0.8174761533737183,0.4988546669483185,0,0,0.3469110131263733,0,1
B47,mixamorig_RightToeBase,46,0.9896930456161499,2.4071414372883737e-7,0.14320389926433563,0,-0.0879368782043457,0.7892550230026245,0.607737123966217,0,-0.11302422732114792,-0.6140658855438232,0.7811200022697449,0,0,0.17097799479961395,0,1
B48,mixamorig_RightToe_End,47,1,0,0,0,0,1,0,0,0,0,1,0,0,0.05555000156164169,0,1
@40,0,1,2,3,4,5,7,8,9,10,11,12,13,15,16,17,19,20,21,23,24,25,26,27,28,29,31,32,33,35,36,37,39,40,41,42,44,45,46,47
K0,0.999222993850708,-0.005579142365604639,0.039022296667099,0,-0.00484114233404398,0.9650710821151733,0.2619438171386719,0,-0.03912070393562317,-0.26192915439605713,0.9642940163612366,0,-0.0003490000090096146,0.8796380162239075,-0.07589299976825714,1,0.9997109770774841,-0.009096675552427769,-0.022240180522203445,0,0.011989323422312737,0.990962028503418,0.13360495865345,0,0.020823819562792778,-0.13383303582668304,0.9907850027084351,0,0,0.11008600145578384,-0.00837200041860342,1,0.999794065952301,0.001459102495573461,-0.020260026678442955,0,0.001679102424532175,0.9880660176277161,0.15401984751224518,0,0.020242974162101746,-0.15402214229106903,0.9878600239753723,0,0,0.1288049966096878,0,1,0.9998189210891724,0.0008758233161643147,-0.019015194848179817,0,0.002066823188215494,0.988040030002594,0.1541818380355835,0,0.018922803923487663,-0.15419316291809082,0.9878589510917664,0,0,0.14720599353313446,0,1,0.9999240040779114,-0.005788974463939667,-0.010908113792538643,0,0.004282025154680014,0.9910489916801453,-0.13342894613742828,0,0.011582886800169945,0.13337203860282898,0.9909980297088623,0,0,0.16560600697994232,0,1,0.9974049925804138,-0.06585866957902908,-0.029093338176608086,0,0.02803131937980652,0.7274059057235718,-0.685634970664978,0,0.06631765514612198,0.6830399632453918,0.7273641228675842,0,0,0.08496599644422531,0.01975099928677082,1,-0.0007791098323650658,0.034947264939546585,-0.9993890523910522,0,0.9109630584716797,-0.4122110605239868,-0.015124575234949589,0,-0.4124875068664551,-0.9104177951812744,-0.031514573842287064,0,0.06706299632787704,0.14291900396347046,-0.0019680000841617584,1,0.8386908769607544,0.5061551332473755,0.20100882649421692,0,-0.5091229677200317,0.5976380705833435,0.6193720102310181,0,0.1933678388595581,-0.6218000054359436,0.7589290142059326,0,0,0.14049600064754486,0,1,-0.3226720690727234,0.9387019276618958,0.1213299110531807,0,-0.9388489723205566,-0.33369681239128113,0.08490501344203949,0,0.120187908411026,-0.08651398122310638,0.9889740347862244,0,0,0.2554129958152771,0,1,0.9875389933586121,-0.05631415173411369,-0.14695115387439728,0,0.0347258523106575,0.9887430667877197,-0.14553877711296082,0,0.15349283814430237,0.1386222243309021,0.9783779978752136,0,0,0.34023499488830566,0,1,0.9585079550743103,-0.18734198808670044,-0.2148600071668625,0,0.2414720356464386,0.9341750741004944,0.2626950740814209,0,0.15150301158428192,-0.3036779463291168,0.9406519532203674,0,-0.036233000457286835,0.04500100016593933,0.014795999974012375,1,0.992268979549408,-0.12016604095697403,0.031018633395433426,0,0.11503496021032333,0.9843530058860779,0.13347400724887848,0,-0.04657236486673355,-0.12887398898601532,0.9905670285224915,0,-0.007187000010162592,0.04716699942946434,0,1,0.9851019382476807,0.16239920258522034,0.05656678229570389,0,-0.16249679028987885,0.9867050647735596,-0.0029030870646238327,0,-0.056286223232746124,-0.006332086864858866,0.9983950853347778,0,-0.0006140000186860561,0.04713800176978111,0,1,0.9698330760002136,-0.24289469420909882,-0.02062966302037239,0,0.24137134850025177,0.9450078010559082,0.2206793576478958,0,-0.03410666063427925,-0.2190016359090805,0.9751280546188354,0,-0.027077000588178635,0.11180499941110611,-0.0020099999383091927,1,0.9992930293083191,-0.03742707893252373,-0.0035098318476229906,0,0.037415921688079834,0.9812780022621155,0.1889260858297348,0,-0.0036268318071961403,-0.1889239102602005,0.9819849729537964,0,0.0004090000002179295,0.04513299837708473,0,1,0.999970018863678,-0.0076707955449819565,-0.0009381328127346933,0,0.007725204806774855,0.9954559803009033,0.0949057787656784,0,0.00020586723985616118,-0.09491024166345596,0.9954860806465149,0,-0.00027600000612437725,0.044482000172138214,0,1,0.9671270251274109,-0.24897891283035278,-0.051725804805755615,0,0.2542230486869812,0.9417939186096191,0.21998997032642365,0,-0.006057810038328171,-0.22590801119804382,0.9741299152374268,0,0.027077000588178635,0.1185849979519844,-0.003323999932035804,1,0.9998930096626282,-0.014432225376367569,-0.0022227312438189983,0,0.014591777697205544,0.9817200303077698,0.1897718906402588,0,-0.0005567311309278011,-0.18978409469127655,0.9818259477615356,0,-0.00019799999427050352,0.04519199952483177,0,1,0.999993085861206,0.0036692710127681494,0.0009362570126540959,0,-0.003741729538887739,0.9954530000686646,0.09518411755561829,0,-0.0005827430868521333,-0.09518688172101974,0.9954590201377869,0,-0.0001250000059371814,0.041508998721838,0,1,-0.08397790789604187,0.009446068666875362,0.9964230060577393,0,-0.9683870673179626,-0.23648901283740997,-0.07937309145927429,0,0.2348930984735489,-0.9715880155563354,0.02900720201432705,0,-0.06706299632787704,0.14288300275802612,-0.0014860000228509307,1,0.8778120279312134,-0.45081591606140137,-0.1618962436914444,0,0.41802409291267395,0.555951714515686,0.7184522151947021,0,-0.23388323187828064,-0.6983426809310913,0.6764732003211975,0,0,0.14049600064754486,0,1,-0.3846871852874756,-0.914845883846283,-0.12277079373598099,0,0.9149681329727173,-0.39549094438552856,0.08012273907661438,0,-0.12185480445623398,-0.08150924742221832,0.9891959428787231,0,0,0.2553809881210327,0,1,0.98853999376297,0.12909677624702454,0.07824904471635818,0,-0.12172321230173111,0.9882309436798096,-0.09264220297336578,0,-0.08928794413805008,0.08205580711364746,0.992620050907135,0,0,0.3401840031147003,0,1,0.968779981136322,0.13506866991519928,0.20789824426174164,0,-0.20432832837104797,0.9099109768867493,0.36098775267601013,0,-0.14041078090667725,-0.39219728112220764,0.9091019630432129,0,0.03276899829506874,0.04479999840259552,0.012749000452458858,1,0.9559909701347351,0.2924480438232422,0.023548094555735588,0,-0.29333096742630005,0.9510300159454346,0.09745676070451736,0,0.006106094922870398,-0.10007524490356445,0.9949610233306885,0,0.006155000068247318,0.0451430007815361,0,1,0.9697230458259583,-0.2432350367307663,-0.021776804700493813,0,0.2429109513759613,0.9699079990386963,-0.01649715192615986,0,0.025134194642305374,0.010707847774028778,0.9996269941329956,0,0.0034459999296814203,0.04967400059103966,0,1,0.9671611189842224,0.253628671169281,0.016484886407852173,0,-0.25102633237838745,0.9430510401725769,0.2182677537202835,0,0.03981288522481918,-0.21523825824260712,0.9757499098777771,0,0.02802800014615059,0.12250400334596634,-0.0021009999327361584,1,0.9969930648803711,0.07552921026945114,0.017347177490592003,0,-0.0753747969865799,0.8930891752243042,0.44352075457572937,0,0.018006177619099617,-0.4434942305088043,0.896095871925354,0,-0.00019799999427050352,0.04234699904918671,0,1,0.9994559288024902,0.0327322855591774,0.00411212770268321,0,-0.03280771151185036,0.9731240272521973,0.22793211042881012,0,0.0034591276198625565,-0.22794291377067566,0.9736679792404175,0,0.00014899999951012433,0.04002400115132332,0,1,0.9654938578605652,0.2564442753791809,0.04536406695842743,0,-0.2600896954536438,0.9406590461730957,0.21797789633274078,0,0.013227068819105625,-0.22225503623485565,0.9748989343643188,0,-0.02802800014615059,0.12498000264167786,-0.005152999889105558,1,0.9987030029296875,0.04940886050462723,0.01225536223500967,0,-0.049693137407302856,0.893993079662323,0.44531598687171936,0,0.011046361178159714,-0.44534799456596375,0.895289957523346,0,0.000195999993593432,0.04298099875450134,0,1,0.9996259808540344,0.027262933552265167,0.0022490117698907852,0,-0.027054067701101303,0.9730909466743469,0.22882741689682007,0,0.004050011746585369,-0.22880256175994873,0.9734641313552856,0,-0.00010299999848939478,0.03868500143289566,0,1,-0.961781919002533,-0.037715040147304535,0.27120599150657654,0,0.19705896079540253,-0.783030092716217,0.5899417400360107,0,0.1901129186153412,0.6208391785621643,0.760536789894104,0,0.096499003469944,-0.06121499836444855,-0.006161999888718128,1,0.9859029650688171,0.020386284217238426,0.16606931388378143,0,0.06342728435993195,0.8729287981987,-0.4837072193622589,0,-0.15482769906520844,0.48742178082466125,0.8593301773071289,0,0,0.40013301372528076,0,1,0.9200209975242615,-0.06056090071797371,0.38716089725494385,0,-0.29000988602638245,0.5592256188392639,0.7766342163085938,0,-0.26354408264160156,-0.8268007040023804,0.4969363510608673,0,0,0.3469749987125397,0,1,0.9909520149230957,-0.00004189358151052147,-0.13421626389026642,0,0.08102110773324966,0.7974279522895813,0.5979499816894531,0,0.10700274258852005,-0.603413999080658,0.7902160882949829,0,0,0.1738719940185547,0,1,-0.9034188985824585,-0.14208342134952545,-0.4045332670211792,0,-0.14653341472148895,-0.7843703031539917,0.6027367115020752,0,-0.4029427468776703,0.6038013696670532,0.6877948641777039,0,-0.096499003469944,-0.06121499836444855,-0.005671000108122826,1,0.9816129803657532,-0.16197408735752106,-0.10099189728498459,0,0.09085692465305328,0.8617900609970093,-0.49906301498413086,0,0.16786913573741913,0.48071104288101196,0.860660970211029,0,0,0.40010398626327515,0,1,0.9399160146713257,0.14136269688606262,-0.31076404452323914,0,0.18352270126342773,0.558345377445221,0.8090547323226929,0,0.2878839671611786,-0.8174761533737183,0.49885469675064087,0,0,0.3469110131263733,0,1,0.9896930456161499,0,0.14320380985736847,0,-0.08793679624795914,0.7892550230026245,0.607737123966217,0,-0.11302417516708374,-0.6140658855438232,0.7811200022697449,0,0,0.17097799479961395,0,1
K0.033,0.9992560148239136,-0.005000877194106579,0.038238026201725006,0,-0.005254885647445917,0.9646499752998352,0.26348304748535156,0,-0.03820395842194557,-0.26348796486854553,0.9639059901237488,0,-0.000800004112534225,0.8793659806251526,-0.07704901695251465,1,0.9997079968452454,-0.007928835228085518,-0.022809075191617012,0,0.010949140414595604,0.9907159805297852,0.13550390303134918,0,0.02152293734252453,-0.13571414351463318,0.9905139803886414,0,0,0.11008600145578384,-0.00837200041860342,1,0.9997829794883728,0.0023958515375852585,-0.02070620283484459,0,0.0008548336918465793,0.987824022769928,0.15557308495044708,0,0.020826801657676697,-0.15555691719055176,0.9876070022583008,0,0,0.1288049966096878,0,1,0.9998090267181396,0.001798992627300322,-0.01945410668849945,0,0.001252975082024932,0.9877970814704895,0.1557396501302719,0,0.019496899098157883,-0.15573439002037048,0.9876068830490112,0,0,0.14720599353313446,0,1,0.9999240040779114,-0.0059752147644758224,-0.010759914293885231,0,0.004431793466210365,0.9904019236564636,-0.13814306259155273,0,0.01148208323866129,0.1380849927663803,0.9903539419174194,0,0,0.16560600697994232,0,1,0.9973239898681641,-0.06781058758497238,-0.027332788333296776,0,0.03050445020198822,0.7256942987442017,-0.6873406171798706,0,0.06644420325756073,0.6846673488616943,0.7258206605911255,0,0,0.08496599644422531,0.01975099928677082,1,-0.00027077156119048595,0.03525083139538765,-0.999377965927124,0,0.9097970128059387,-0.41478580236434937,-0.01487721037119627,0,-0.41505271196365356,-0.9092360734939575,-0.031958725303411484,0,0.06706299632787704,0.14291900396347046,-0.0019680000841617584,1,0.8414350152015686,0.5009339451789856,0.202615424990654,0,-0.5058569312095642,0.5983988642692566,0.6213120818138123,0,0.18999135494232178,-0.6252877712249756,0.7569141387939453,0,0,0.14049600064754486,0,1,-0.32692697644233704,0.9371790885925293,0.12171424925327301,0,-0.9373260736465454,-0.33798712491989136,0.08476657420396805,0,0.12057926505804062,-0.08637341856956482,0.988939106464386,0,0,0.2554129958152771,0,1,0.989215075969696,-0.05257485434412956,-0.13671286404132843,0,0.03317609056830406,0.9895269870758057,-0.14048384130001068,0,0.14266695082187653,0.1344330906867981,0.9805989861488342,0,0,0.34023499488830566,0,1,0.9585079550743103,-0.18734198808670044,-0.2148600071668625,0,0.2414720356464386,0.9341750741004944,0.2626950740814209,0,0.15150301158428192,-0.3036779463291168,0.9406519532203674,0,-0.036233000457286835,0.04500100016593933,0.014795999974012375,1,0.992268979549408,-0.12016604095697403,0.031018633395433426,0,0.11503496021032333,0.9843530058860779,0.13347400724887848,0,-0.04657236486673355,-0.12887398898601532,0.9905670285224915,0,-0.007187000010162592,0.04716699942946434,0,1,0.9851020574569702,0.16239871084690094,0.05656678229570389,0,-0.16249626874923706,0.9867050051689148,-0.00290307286195457,0,-0.056286223232746124,-0.006332072429358959,0.9983950853347778,0,-0.0006140000186860561,0.04713800176978111,0,1,0.9698329567909241,-0.24289517104625702,-0.020629651844501495,0,0.24137188494205475,0.9450080394744873,0.22067891061306,0,-0.034106649458408356,-0.21900109946727753,0.9751279354095459,0,-0.027077000588178635,0.11180499941110611,-0.0020099999383091927,1,0.9992930293083191,-0.03742707520723343,-0.0035098411608487368,0,0.037415921688079834,0.9812780618667603,0.1889265924692154,0,-0.0036268411204218864,-0.1889243870973587,0.9819848537445068,0,0.0004090000002179295,0.04513299837708473,0,1,0.999970018863678,-0.0076707955449819565,-0.0009381328127346933,0,0.007725204806774855,0.9954559803009033,0.0949057787656784,0,0.00020586723985616118,-0.09491024166345596,0.9954860806465149,0,-0.00027600000612437725,0.044482000172138214,0,1,0.9671270251274109,-0.24897894263267517,-0.05172574520111084,0,0.2542230486869812,0.9417939186096191,0.21998946368694305,0,-0.006057750433683395,-0.22590751945972443,0.9741300344467163,0,0.027077000588178635,0.1185849979519844,-0.003323999932035804,1,0.9998930096626282,-0.014432677999138832,-0.002223275601863861,0,0.014592322520911694,0.9817198514938354,0.1897713541984558,0,-0.0005562755977734923,-0.18978361785411835,0.9818260073661804,0,-0.00019799999427050352,0.04519199952483177,0,1,0.999993085861206,0.0036697709001600742,0.0009362808195874095,0,-0.003742229426279664,0.9954530000686646,0.09518411755561829,0,-0.0005827192217111588,-0.09518688172101974,0.9954590201377869,0,-0.0001250000059371814,0.041508998721838,0,1,-0.08543738722801208,0.01023849193006754,0.9962909817695618,0,-0.9686828851699829,-0.23483842611312866,-0.08065644651651382,0,0.23314151167869568,-0.9719809293746948,0.02998175285756588,0,-0.06706299632787704,0.14288300275802612,-0.0014860000228509307,1,0.8784881234169006,-0.4484908878803253,-0.16466167569160461,0,0.41741615533828735,0.5528309941291809,0.721208930015564,0,-0.23242564499378204,-0.7023061513900757,0.6728630065917969,0,0,0.14049600064754486,0,1,-0.38521119952201843,-0.9146198630332947,-0.12281659990549088,0,0.9147420525550842,-0.3960190415382385,0.08010327070951462,0,-0.12190160155296326,-0.08148873597383499,0.989190936088562,0,0,0.2553809881210327,0,1,0.9897410273551941,0.12483887374401093,0.06947807967662811,0,-0.11767303198575974,0.9880930185317993,-0.09911881387233734,0,-0.08102473616600037,0.0899263247847557,0.9926469922065735,0,0,0.3401840031147003,0,1,0.9687800407409668,0.13506822288036346,0.20789766311645508,0,-0.2043277770280838,0.9099109172821045,0.3609882891178131,0,-0.14041034877300262,-0.39219769835472107,0.9091020822525024,0,0.03276899829506874,0.04479999840259552,0.012749000452458858,1,0.9559910297393799,0.292449027299881,0.023548142984509468,0,-0.29333198070526123,0.9510300755500793,0.09745676815509796,0,0.006106145214289427,-0.10007523000240326,0.9949610233306885,0,0.006155000068247318,0.0451430007815361,0,1,0.9697230458259583,-0.24323603510856628,-0.0217758622020483,0,0.24291197955608368,0.9699079990386963,-0.01649653911590576,0,0.02513313479721546,0.01070745661854744,0.9996269941329956,0,0.0034459999296814203,0.04967400059103966,0,1,0.9671611189842224,0.2536287009716034,0.016484824940562248,0,-0.2510262727737427,0.9430508017539978,0.21826723217964172,0,0.03981282562017441,-0.2152377963066101,0.9757500290870667,0,0.02802800014615059,0.12250400334596634,-0.0021009999327361584,1,0.9969930648803711,0.07552921026945114,0.017347199842333794,0,-0.0753747969865799,0.8930889368057251,0.4435211718082428,0,0.018006199970841408,-0.44349485635757446,0.8960960507392883,0,-0.00019799999427050352,0.04234699904918671,0,1,0.9994559288024902,0.03273222595453262,0.004112626891583204,0,-0.032807763665914536,0.9731240272521973,0.22793209552764893,0,0.003458627499639988,-0.22794291377067566,0.9736679792404175,0,0.00014899999951012433,0.04002400115132332,0,1,0.9654939770698547,0.2564438283443451,0.04536402225494385,0,-0.2600891590118408,0.9406589269638062,0.21797791123390198,0,0.013227020390331745,-0.22225509583950043,0.9748989343643188,0,-0.02802800014615059,0.12498000264167786,-0.005152999889105558,1,0.9987030029296875,0.04940897971391678,0.012254863977432251,0,-0.049693018198013306,0.8939929604530334,0.4453161954879761,0,0.011046863161027431,-0.44534778594970703,0.8952891230583191,0,0.000195999993593432,0.04298099875450134,0,1,0.9996259808540344,0.027262931689620018,0.002249018056318164,0,-0.0270540714263916,0.9730910062789917,0.22882793843746185,0,0.004050018265843391,-0.22880303859710693,0.9734640121459961,0,-0.00010299999848939478,0.03868500143289566,0,1,-0.9625808596611023,-0.03813495859503746,0.26829612255096436,0,0.1962200403213501,-0.7809369564056396,0.5929890871047974,0,0.1869087666273117,0.6234450936317444,0.759198009967804,0,0.096499003469944,-0.06121499836444855,-0.006161999888718128,1,0.9858840703964233,0.020234789699316025,0.16620177030563354,0,0.06359978765249252,0.8730029463768005,-0.48355111479759216,0,-0.15487924218177795,0.48729586601257324,0.8593930602073669,0,0,0.40013301372528076,0,1,0.9191269278526306,-0.059100233018398285,0.38950297236442566,0,-0.29224827885627747,0.5607256293296814,0.7747111320495605,0,-0.26419001817703247,-0.8258898258209229,0.49810630083084106,0,0,0.3469749987125397,0,1,0.9909520149230957,-0.000043167230614926666,-0.13421392440795898,0,0.08102083951234818,0.7974271178245544,0.5979509353637695,0,0.10700006783008575,-0.6034151315689087,0.7902159094810486,0,0,0.1738719940185547,0,1,-0.9039000868797302,-0.14316178858280182,-0.4030750095844269,0,-0.1463317722082138,-0.7819759845733643,0.6058881878852844,0,-0.40193501114845276,0.6066449880599976,0.6858789324760437,0,-0.096499003469944,-0.06121499836444855,-0.005671000108122826,1,0.9815599918365479,-0.1625969260931015,-0.10051493346691132,0,0.09139607101678848,0.8610149025917053,-0.5003002882003784,0,0.16789205372333527,0.4818878173828125,0.8599980473518372,0,0,0.40010398626327515,0,1,0.9394019842147827,0.14051498472690582,-0.3126971423625946,0,0.18556003272533417,0.5585491061210632,0.808449923992157,0,0.28825587034225464,-0.8174830675125122,0.4986279308795929,0,0,0.3469110131263733,0,1,0.9896929860115051,0,0.14320431649684906,0,-0.08793696761131287,0.7892550230026245,0.607737123966217,0,-0.11302470415830612,-0.6140660047531128,0.7811201214790344,0,0,0.17097799479961395,0,1
K0.067,0.9992859959602356,-0.004492022097110748,0.03752005845308304,0,-0.00561201386153698,0.9642570614814758,0.26491084694862366,0,-0.03736894950270653,-0.26493212580680847,0.9635429382324219,0,-0.0012129959650337696,0.8790959715843201,-0.07819798588752747,1,0.9997060298919678,-0.006732885260134935,-0.023312974721193314,0,0.009876135736703873,0.990458071231842,0.13745959103107452,0,0.02216501347720623,-0.13764935731887817,0.9902329444885254,0,0,0.11008600145578384,-0.00837200041860342,1,0.9997720122337341,0.003333020955324173,-0.021095167845487595,0,0.00002403806684014853,0.9875710606575012,0.1571747362613678,0,0.021356824785470963,-0.15713927149772644,0.9873449206352234,0,0,0.1288049966096878,0,1,0.9998000860214233,0.002725329715758562,-0.019833121448755264,0,0.0004293468373361975,0.9875439405441284,0.15734507143497467,0,0.020014870911836624,-0.15732191503047943,0.9873440265655518,0,0,0.14720599353313446,0,1,0.9999229907989502,-0.0063660223968327045,-0.010651896707713604,0,0.004778970964252949,0.9897270202636719,-0.14288735389709473,0,0.011452103964984417,0.14282558858394623,0.9896820783615112,0,0,0.16560600697994232,0,1,0.9972379803657532,-0.06967282295227051,-0.025722185149788857,0,0.03277812898159027,0.7236649394035339,-0.6893730163574219,0,0.0666448250412941,0.6866260170936584,0.7239500880241394,0,0,0.08496599644422531,0.01975099928677082,1,0.00011163350427523255,0.035545509308576584,-0.9993680119514465,0,0.9084466695785522,-0.4177407920360565,-0.014756721444427967,0,-0.41800129413604736,-0.9078708291053772,-0.03233783692121506,0,0.06706299632787704,0.14291900396347046,-0.0019680000841617584,1,0.8440650701522827,0.49594587087631226,0.2039390653371811,0,-0.5026902556419373,0.5993891358375549,0.6229247450828552,0,0.18669812381267548,-0.6283073425292969,0.755230724811554,0,0,0.14049600064754486,0,1,-0.3311501443386078,0.9356449246406555,0.12209658324718475,0,-0.935792088508606,-0.34224584698677063,0.08462882041931152,0,0.12096957862377167,-0.08623217791318893,0.9889039993286133,0,0,0.2554129958152771,0,1,0.9907969236373901,-0.049034107476472855,-0.12615926563739777,0,0.031711943447589874,0.9902259111404419,-0.13581837713718414,0,0.13158594071865082,0.13056771457195282,0.9826680421829224,0,0,0.34023499488830566,0,1,0.9585079550743103,-0.18734198808670044,-0.2148600071668625,0,0.2414720356464386,0.9341750741004944,0.2626950740814209,0,0.15150301158428192,-0.3036779463291168,0.9406519532203674,0,-0.036233000457286835,0.04500100016593933,0.014795999974012375,1,0.992268979549408,-0.12016597390174866,0.031018702313303947,0,0.1150350347161293,0.9843540191650391,0.13347306847572327,0,-0.04657229408621788,-0.12887291610240936,0.9905670285224915,0,-0.007187000010162592,0.04716699942946434,0,1,0.9851019382476807,0.16239920258522034,0.05656678229570389,0,-0.16249679028987885,0.9867050647735596,-0.0029030870646238327,0,-0.056286223232746124,-0.006332086864858866,0.9983950853347778,0,-0.0006140000186860561,0.04713800176978111,0,1,0.9698329567909241,-0.2428952008485794,-0.020629148930311203,0,0.24137181043624878,0.9450080394744873,0.22067895531654358,0,-0.03410714864730835,-0.21900101006031036,0.9751279354095459,0,-0.027077000588178635,0.11180499941110611,-0.0020099999383091927,1,0.9992930293083191,-0.03742707893252373,-0.0035098318476229906,0,0.037415921688079834,0.9812780022621155,0.1889260858297348,0,-0.0036268318071961403,-0.1889239102602005,0.9819849729537964,0,0.0004090000002179295,0.04513299837708473,0,1,0.999970018863678,-0.007670843042433262,-0.0009371308260597289,0,0.007725156843662262,0.9954559803009033,0.09490527212619781,0,0.00020486915309447795,-0.09490973502397537,0.9954860806465149,0,-0.00027600000612437725,0.044482000172138214,0,1,0.9671270251274109,-0.24897897243499756,-0.05172530934214592,0,0.2542229890823364,0.9417939186096191,0.21999002993106842,0,-0.0060583073645830154,-0.22590793669223785,0.9741299152374268,0,0.027077000588178635,0.1185849979519844,-0.003323999932035804,1,0.9998930096626282,-0.014432177878916264,-0.0022232241462916136,0,0.01459182146936655,0.981719970703125,0.1897708773612976,0,-0.0005562240839935839,-0.18978312611579895,0.9818260073661804,0,-0.00019799999427050352,0.04519199952483177,0,1,0.999993085861206,0.0036692710127681494,0.0009362570126540959,0,-0.003741729538887739,0.9954530000686646,0.09518411755561829,0,-0.0005827430868521333,-0.09518688172101974,0.9954590201377869,0,-0.0001250000059371814,0.041508998721838,0,1,-0.08663704991340637,0.010933845303952694,0.9961799383163452,0,-0.9689890146255493,-0.2332020401954651,-0.08171272277832031,0,0.23141784965991974,-0.9723670482635498,0.03079875372350216,0,-0.06706299632787704,0.14288300275802612,-0.0014860000228509307,1,0.8791370987892151,-0.44620588421821594,-0.1673848032951355,0,0.4168631136417389,0.549787700176239,0.7238490581512451,0,-0.23095983266830444,-0.7061398029327393,0.6693462133407593,0,0,0.14049600064754486,0,1,-0.3856870234012604,-0.9144129753112793,-0.12285818159580231,0,0.91453617811203,-0.3964988887310028,0.08008424937725067,0,-0.12194318324327469,-0.081470787525177,0.9891879558563232,0,0,0.2553809881210327,0,1,0.990867018699646,0.12033422291278839,0.060845259577035904,0,-0.11348185688257217,0.9878990054130554,-0.10572107881307602,0,-0.07283089309930801,0.09785076975822449,0.9925330281257629,0,0,0.3401840031147003,0,1,0.9687801003456116,0.13506875932216644,0.20789773762226105,0,-0.2043282389640808,0.9099109768867493,0.3609878122806549,0,-0.14041024446487427,-0.3921971619129181,0.9091019630432129,0,0.03276899829506874,0.04479999840259552,0.012749000452458858,1,0.9559909701347351,0.2924480438232422,0.023548094555735588,0,-0.29333096742630005,0.9510300159454346,0.09745676070451736,0,0.006106094922870398,-0.10007524490356445,0.9949610233306885,0,0.006155000068247318,0.0451430007815361,0,1,0.9697230458259583,-0.24323603510856628,-0.021776363253593445,0,0.24291197955608368,0.9699079990386963,-0.016496602445840836,0,0.025133635848760605,0.010707395151257515,0.9996269941329956,0,0.0034459999296814203,0.04967400059103966,0,1,0.9671611189842224,0.2536287009716034,0.016484824940562248,0,-0.2510262727737427,0.9430508017539978,0.21826723217964172,0,0.03981282562017441,-0.2152377963066101,0.9757500290870667,0,0.02802800014615059,0.12250400334596634,-0.0021009999327361584,1,0.9969930648803711,0.07552897930145264,0.01734817773103714,0,-0.075375035405159,0.8930891752243042,0.4435206949710846,0,0.01800517737865448,-0.4434942901134491,0.896095871925354,0,-0.00019799999427050352,0.04234699904918671,0,1,0.9994559288024902,0.0327322855591774,0.00411212770268321,0,-0.03280771151185036,0.9731240272521973,0.22793211042881012,0,0.0034591276198625565,-0.22794291377067566,0.9736679792404175,0,0.00014899999951012433,0.04002400115132332,0,1,0.9654939770698547,0.2564438283443451,0.04536402225494385,0,-0.2600891590118408,0.9406589269638062,0.21797791123390198,0,0.013227020390331745,-0.22225509583950043,0.9748989343643188,0,-0.02802800014615059,0.12498000264167786,-0.005152999889105558,1,0.9987030029296875,0.04940874129533768,0.012255862355232239,0,-0.04969325289130211,0.893993079662323,0.44531598687171936,0,0.011045861057937145,-0.44534799456596375,0.895289957523346,0,0.000195999993593432,0.04298099875450134,0,1,0.9996259808540344,0.027262931689620018,0.002249018056318164,0,-0.0270540714263916,0.9730910062789917,0.22882793843746185,0,0.004050018265843391,-0.22880303859710693,0.9734640121459961,0,-0.00010299999848939478,0.03868500143289566,0,1,-0.963322103023529,-0.03836768865585327,0.2655896544456482,0,0.19532832503318787,-0.7789000272750854,0.5959550142288208,0,0.18400241434574127,0.6259739398956299,0.7578259706497192,0,0.096499003469944,-0.06121499836444855,-0.006161999888718128,1,0.9858850240707397,0.02043265290558338,0.16617295145988464,0,0.06339766085147858,0.8730550408363342,-0.4834820032119751,0,-0.15495705604553223,0.48719295859336853,0.8594370484352112,0,0,0.40013301372528076,0,1,0.9183050394058228,-0.05788494646549225,0.3916190266609192,0,-0.2941649258136749,0.5622357726097107,0.7728891372680664,0,-0.2649209499359131,-0.824948787689209,0.499276340007782,0,0,0.3469749987125397,0,1,0.9909530282020569,-0.0000450186817033682,-0.13421182334423065,0,0.08102098107337952,0.7974270582199097,0.5979509353637695,0,0.10699716955423355,-0.6034150123596191,0.7902160286903381,0,0,0.1738719940185547,0,1,-0.9043530821800232,-0.1442132145166397,-0.4016816318035126,0,-0.1461162120103836,-0.7796797752380371,0.6088921427726746,0,-0.40099334716796875,0.6093457341194153,0.6840340495109558,0,-0.096499003469944,-0.06121499836444855,-0.005671000108122826,1,0.9815090298652649,-0.1631617546081543,-0.10009068250656128,0,0.09187323600053787,0.8602879643440247,-0.5014619827270508,0,0.16792629659175873,0.482994019985199,0.8593710064888,0,0,0.40010398626327515,0,1,0.9389448165893555,0.13959310948848724,-0.31447634100914,0,0.18751609325408936,0.5587151050567627,0.8078829050064087,0,0.28847768902778625,-0.8175271153450012,0.4984269440174103,0,0,0.3469110131263733,0,1,0.9896930456161499,0,0.14320380985736847,0,-0.08793679624795914,0.7892550230026245,0.607737123966217,0,-0.11302417516708374,-0.6140658855438232,0.7811200022697449,0,0,0.17097799479961395,0,1
