3.267,30,97,49
B0,mixamorig_Hips,-1,0.7677218914031982,0.02176533453166485,0.6404141783714294,0,0.128570094704628,0.9738660454750061,-0.18722666800022125,0,-0.6277528405189514,0.2260761857032776,0.7448601126670837,0,0.015352999791502953,0.983726978302002,-0.017493000254034996,1
B1,mixamorig_Spine,0,0.9999970197677612,-0.00033775417250581086,0.0022909066174179316,0,-0.0001447788963560015,0.9782509803771973,0.20742303133010864,0,-0.0023111419286578894,-0.20742295682430267,0.9782490134239197,0,0,0.0878560021519661,0.006111999973654747,1
B2,mixamorig_Spine1,1,0.9999129772186279,-0.01318587176501751,-0.0006640488281846046,0,0.012836108915507793,0.9591590166091919,0.2825759947299957,0,-0.003089082892984152,-0.28255996108055115,0.9592450261116028,0,0,0.10274600237607956,0,1
B3,mixamorig_Spine2,2,0.9999150037765503,-0.01301486510783434,0.0005778739578090608,0,0.01232109684497118,0.959161102771759,0.2825915515422821,0,-0.004232164938002825,-0.28256043791770935,0.9592399001121521,0,0,0.11742399632930756,0,1
B4,mixamorig_Neck,3,0.9913820028305054,0.006386918947100639,-0.13084514439105988,0,-0.01449301466345787,0.9980270862579346,-0.06109356880187988,0,0.13019683957099915,0.0624634250998497,0.9895190000534058,0,0,0.13210199773311615,0,1
B5,mixamorig_Head,4,0.9098690748214722,0.16060176491737366,-0.38255196809768677,0,-0.1914573609828949,0.9805269241333008,-0.04372423142194748,0,0.3680800497531891,0.11302565038204193,0.9228989481925964,0,0,0.12008199840784073,0.02579200081527233,1
B6,mixamorig_HeadTop_End,5,1,0,0,0,0,1,0,0,0,0,1,0,0,0.23977600038051605,0.05150099843740463,1
B7,mixamorig_LeftShoulder,3,0.1073693111538887,-0.605175256729126,-0.7888187766075134,0,0.961741030216217,-0.13791631162166595,0.23671475052833557,0,-0.2520448565483093,-0.784055233001709,0.5672138333320618,0,0.06413300335407257,0.1121629998087883,0.0016899999463930726,1
B8,mixamorig_LeftArm,7,0.7158711552619934,0.3531910181045532,0.6023159027099609,0,-0.6575319766998291,0.6312171220779419,0.4113588035106659,0,-0.2349039912223816,-0.6905221939086914,0.684104859828949,0,0,0.13357900083065033,0,1
B9,mixamorig_LeftForeArm,8,0.4255460500717163,0.9041369557380676,-0.03804735466837883,0,-0.9039079546928406,0.4226820170879364,-0.06549796462059021,0,-0.04313718155026436,0.06226368620991707,0.9971269965171814,0,0,0.34262099862098694,0,1
B10,mixamorig_LeftHand,9,-0.39757397770881653,0.18940789997577667,0.8978080153465271,0,0.5547680854797363,0.8289900422096252,0.07077693194150925,0,-0.7308678030967712,0.5262140035629272,-0.4346621334552765,0,0,0.26333799958229065,0,1
B11,mixamorig_LeftHandThumb1,10,0.9667450189590454,0.01827007532119751,-0.2550891935825348,0,0.08244899660348892,0.9219229221343994,0.37849804759025574,0,0.24208778142929077,-0.38694295287132263,0.8897580504417419,0,-0.034602001309394836,0.04176099970936775,0.01565299928188324,1
B12,mixamorig_LeftHandThumb2,11,0.9432989954948425,0.0583999827504158,-0.3267681300640106,0,-0.0404990091919899,0.9972959160804749,0.061326030641794205,0,0.3294658660888672,-0.04461498185992241,0.9431130886077881,0,-0.006093999836593866,0.04474499821662903,0,1
B13,mixamorig_LeftHandThumb3,12,0.9589120149612427,0.2818259000778198,-0.032571107149124146,0,-0.28359705209732056,0.9553409218788147,-0.0830429345369339,0,0.007712870370596647,0.08886802941560745,0.9960139989852905,0,0.0011159999994561076,0.04538600146770477,0,1
B14,mixamorig_LeftHandThumb4,13,1,0,0,0,0,1,0,0,0,0,1,0,0.004978000186383724,0.03371499851346016,0,1
B15,mixamorig_LeftHandIndex1,10,0.9548519849777222,-0.29698294401168823,-0.00760201970115304,0,0.24421505630016327,0.7701090574264526,0.589314877986908,0,-0.1691620945930481,-0.564565122127533,0.8078680038452148,0,-0.030300000682473183,0.10593900084495544,-0.0027660001069307327,1
B16,mixamorig_LeftHandIndex2,15,0.9985789656639099,-0.046619102358818054,-0.025819815695285797,0,0.04556910693645477,0.4957561492919922,0.8672659397125244,0,-0.027630822733044624,-0.8672099113464355,0.497175931930542,0,0.00009899999713525176,0.04404199868440628,0,1
B17,mixamorig_LeftHandIndex3,16,0.9997010231018066,-0.0237859059125185,-0.005686765071004629,0,0.024024181067943573,0.9116049408912659,0.41036516427993774,0,-0.004576819948852062,-0.4103787839412689,0.9119031429290771,0,-0.000029000000722589903,0.04240899905562401,0,1
B18,mixamorig_LeftHandIndex4,17,1,0,0,0,0,1,0,0,0,0,1,0,-0.00007000000186963007,0.03294000029563904,0,1
B19,mixamorig_LeftHandMiddle1,10,0.9509130716323853,-0.30932798981666565,-0.009041987359523773,0,0.19798600673675537,0.5856580138206482,0.786005973815918,0,-0.23783797025680542,-0.7492129802703857,0.6181519627571106,0,0.030300000682473183,0.11164599657058716,-0.0014590000500902534,1
B20,mixamorig_LeftHandMiddle2,19,0.9984359741210938,-0.047687068581581116,-0.0291888490319252,0,0.046542100608348846,0.41959095001220703,0.9065189957618713,0,-0.030981864780187607,-0.9064598679542542,0.4211542308330536,0,0.00021300000662449747,0.04402000084519386,0,1
B21,mixamorig_LeftHandMiddle3,20,0.9998859763145447,-0.01474203821271658,-0.003206240478903055,0,0.015013888478279114,0.951479971408844,0.307344913482666,0,-0.0014802174409851432,-0.3073580265045166,0.9515929222106934,0,-0.0001340000017080456,0.041847001761198044,0,1
B22,mixamorig_LeftHandMiddle4,21,1,0,0,0,0,1,0,0,0,0,1,0,-0.0000779999973019585,0.033316999673843384,0,1
B23,mixamorig_RightShoulder,3,-0.14550499618053436,0.6493861079216003,0.7464089393615723,0,-0.9813820123672485,-0.1903371959924698,-0.025714648887515068,0,0.12537065148353577,-0.7362541556358337,0.6649909615516663,0,-0.06413300335407257,0.11212100088596344,0.001088000019080937,1
B24,mixamorig_RightArm,23,0.2992347478866577,-0.9484790563583374,-0.10414303094148636,0,0.660405158996582,0.12709026038646698,0.7400757074356079,0,-0.6887112259864807,-0.29023313522338867,0.6644107103347778,0,0,0.13357900083065033,0,1
B25,mixamorig_RightForeArm,24,-0.1416337639093399,-0.98704594373703,0.07536761462688446,0,0.9867908954620361,-0.14682425558567047,-0.0684560164809227,0,0.07863500714302063,0.06467636674642563,0.9948030114173889,0,0,0.34262698888778687,0,1
B26,mixamorig_RightHand,25,0.6414228677749634,0.08601021766662598,-0.7623510956764221,0,-0.39255595207214355,0.8905540108680725,-0.22981226444244385,0,0.6591480374336243,0.44667190313339233,0.6049850583076477,0,0,0.2633880078792572,0,1
B27,mixamorig_RightHandThumb1,26,0.9694219827651978,-0.1305590271949768,0.2077879011631012,0,-0.019868016242980957,0.8021931052207947,0.5967337489128113,0,-0.24459505081176758,-0.5826151967048645,0.7750698328018188,0,0.03554899990558624,0.0424639992415905,0.014188000001013279,1
B28,mixamorig_RightHandThumb2,27,0.8745200634002686,0.3577839434146881,0.3274209201335907,0,-0.3225930333137512,0.9332319498062134,-0.1581491231918335,0,-0.36214303970336914,0.032680872827768326,0.9315489530563354,0,0.006397999823093414,0.045285001397132874,0,1
B29,mixamorig_RightHandThumb3,28,0.7145819067955017,0.6966040730476379,-0.06414617598056793,0,-0.6871718764305115,0.6818050742149353,-0.25087007880210876,0,-0.13102203607559204,0.22334684431552887,0.965893030166626,0,0.0006500000017695129,0.04655800014734268,0,1
B30,mixamorig_RightHandThumb4,29,1,0,0,0,0,1,0,0,0,0,1,0,-0.0070489998906850815,0.0349389985203743,0,1
B31,mixamorig_RightHandIndex1,26,0.9796000123023987,0.20092390477657318,0.0036537651903927326,0,-0.19793009757995605,0.961540937423706,0.19042518734931946,0,0.03474774584174156,-0.18726381659507751,0.9816949963569641,0,0.027493000030517578,0.10571800172328949,-0.002265000017359853,1
B32,mixamorig_RightHandIndex2,31,0.9986929893493652,0.04857686534523964,0.015884939581155777,0,-0.04940814524888992,0.8381590843200684,0.5431829690933228,0,0.01307202409952879,-0.543258011341095,0.839464008808136,0,-0.00020300000323913991,0.04592899978160858,0,1
B33,mixamorig_RightHandIndex3,32,0.9999169707298279,0.012268342077732086,0.0040549011901021,0,-0.012661753222346306,0.8677901029586792,0.49677085876464844,0,0.002575746737420559,-0.496780127286911,0.8678719401359558,0,0.0005169999785721302,0.04402700066566467,0,1
B34,mixamorig_RightHandIndex4,33,1,0,0,0,0,1,0,0,0,0,1,0,-0.00031400000443682075,0.0326399989426136,0,1
B35,mixamorig_RightHandMiddle1,26,0.9408619999885559,0.3272191286087036,0.08779174089431763,0,-0.2749651074409485,0.5861390233039856,0.7621248960494995,0,0.19792373478412628,-0.7411941289901733,0.6414499282836914,0,-0.027493000030517578,0.11250899732112885,-0.002948000095784664,1
B36,mixamorig_RightHandMiddle2,35,0.9979889392852783,0.03119506873190403,0.0551849827170372,0,-0.04073305428028107,-0.3514688313007355,0.9353130459785461,0,0.048572950065135956,-0.9356798529624939,-0.34949129819869995,0,0.00010099999781232327,0.04639999940991402,0,1
B37,mixamorig_RightHandMiddle3,36,0.9999979734420776,-0.0013999665388837457,-0.0012299006339162588,0,0.0017220631707459688,0.9464530348777771,0.32283666729927063,0,0.0007120828959159553,-0.3228382468223572,0.946453869342804,0,0.00023299999884329736,0.040674999356269836,0,1
B38,mixamorig_RightHandMiddle4,37,1,0,0,0,0,1,0,0,0,0,1,0,-0.0003330000035930425,0.03270599991083145,0,1
B39,mixamorig_LeftUpLeg,0,-0.6134080290794373,-0.2984887957572937,0.7311881184577942,0,0.36273613572120667,-0.9288780093193054,-0.07488413155078888,0,0.7015368938446045,0.21929393708705902,0.6780540943145752,0,0.09619099646806717,-0.04876000061631203,0.018198000267148018,1
B40,mixamorig_LeftLeg,39,0.9852458834648132,-0.16680826246738434,0.038285065442323685,0,0.1698887050151825,0.9261680841445923,-0.33667609095573425,0,0.020701954141259193,0.33821290731430054,0.9408420324325562,0,0,0.3862819969654083,0,1
B41,mixamorig_LeftFoot,40,0.9825039505958557,-0.021304860711097717,0.18501614034175873,0,-0.11917879432439804,0.6914700269699097,0.7125070691108704,0,-0.14311298727989197,-0.7220910787582397,0.6768329739570618,0,0,0.49035900831222534,0,1
B42,mixamorig_LeftToeBase,41,1,-1.6845007166921278e-7,0.0009406970348209143,0,-0.0006123252096585929,0.7590239644050598,0.6510631442070007,0,-0.0007141203968785703,-0.6510629057884216,0.7590230703353882,0,0,0.14722399413585663,0,1
B43,mixamorig_LeftToe_End,42,1,0,0,0,0,1,0,0,0,0,1,0,0,0.055275000631809235,0,1
B44,mixamorig_RightUpLeg,0,-0.9773209095001221,0.1838500052690506,0.10508318990468979,0,-0.1924259215593338,-0.9781869053840637,-0.07824482768774033,0,0.08840576559305191,-0.09669111669063568,0.9913809895515442,0,-0.09619099646806717,-0.04876000061631203,0.022193999961018562,1
B45,mixamorig_RightLeg,44,0.9832779765129089,0.1736479252576828,-0.054873015731573105,0,-0.1785440444946289,0.8598629832267761,-0.47828587889671326,0,-0.03587006777524948,0.4800850749015808,0.8764879107475281,0,0,0.3863469958305359,0,1
B46,mixamorig_RightFoot,45,0.9094758629798889,0.20210802555084229,-0.36332711577415466,0,0.2815138101577759,0.3437201678752899,0.8958830237388611,0,0.30594784021377563,-0.9170650839805603,0.25570887327194214,0,0,0.48982900381088257,0,1
B47,mixamorig_RightToeBase,46,0.9999070167541504,0.000054163414461072534,-0.013628775253891945,0,0.008586266078054905,0.7740811109542847,0.6330277919769287,0,0.010584067553281784,-0.6330861449241638,0.7740088701248169,0,0,0.15144699811935425,0,1
B48,mixamorig_RightToe_End,47,1,0,0,0,0,1,0,0,0,0,1,0,0,0.05614599958062172,0,1
@40,0,1,2,3,4,5,7,8,9,10,11,12,13,15,16,17,19,20,21,23,24,25,26,27,28,29,31,32,33,35,36,37,39,40,41,42,44,45,46,47
K0,0.7677218317985535,0.021765248849987984,0.6404142379760742,0,0.12857025861740112,0.9738659858703613,-0.18722669780254364,0,-0.6277529001235962,0.22607631981372833,0.744860053062439,0,0.015352999791502953,0.983726978302002,-0.017493000254034996,1,0.9999970197677612,-0.0003377639804966748,0.0022908810060471296,0,-0.0001447639660909772,0.9782509803771973,0.20742303133010864,0,-0.0023111188784241676,-0.20742295682430267,0.9782490134239197,0,0,0.0878560021519661,0.006111999973654747,1,0.9999129772186279,-0.013185879215598106,-0.000664067396428436,0,0.012836121954023838,0.9591590166091919,0.2825760245323181,0,-0.0030890675261616707,-0.28255999088287354,0.9592450261116028,0,0,0.10274600237607956,0,1,0.9999150037765503,-0.013014880940318108,0.0005778517806902528,0,0.01232111919671297,0.959161102771759,0.2825915515422821,0,-0.004232148639857769,-0.28256043791770935,0.9592399001121521,0,0,0.11742399632930756,0,1,0.9913820028305054,0.006386951543390751,-0.13084515929222107,0,-0.014493049122393131,0.9980270266532898,-0.06109356880187988,0,0.13019685447216034,0.0624634325504303,0.9895190000534058,0,0,0.13210199773311615,0,1,0.9098690748214722,0.1606016904115677,-0.38255196809768677,0,-0.19145731627941132,0.9805269241333008,-0.04372430220246315,0,0.3680800497531891,0.11302569508552551,0.9228989481925964,0,0,0.12008199840784073,0.02579200081527233,1,0.1073695719242096,-0.6051751375198364,-0.7888188362121582,0,0.961741030216217,-0.13791610300540924,0.23671486973762512,0,-0.2520447373390198,-0.7840553522109985,0.5672137141227722,0,0.06413300335407257,0.1121629998087883,0.0016899999463930726,1,0.7158710956573486,0.35319095849990845,0.6023160219192505,0,-0.6575320363044739,0.6312171220779419,0.4113588333129883,0,-0.23490406572818756,-0.6905222535133362,0.6841047406196594,0,0,0.13357900083065033,0,1,0.42554593086242676,0.9041370153427124,-0.03804738447070122,0,-0.9039080739021301,0.42268186807632446,-0.06549819558858871,0,-0.043137382715940475,0.06226380914449692,0.9971269965171814,0,0,0.34262099862098694,0,1,-0.3975740075111389,0.18940794467926025,0.8978080749511719,0,0.5547681450843811,0.8289899826049805,0.07077689468860626,0,-0.730867862701416,0.5262141227722168,-0.4346621632575989,0,0,0.26333799958229065,0,1,0.9667450189590454,0.01827004924416542,-0.2550892233848572,0,0.0824490413069725,0.9219229221343994,0.37849804759025574,0,0.24208779633045197,-0.386942982673645,0.8897579908370972,0,-0.034602001309394836,0.04176099970936775,0.01565299928188324,1,0.9432989954948425,0.0583999864757061,-0.3267681300640106,0,-0.0404990129172802,0.9972959160804749,0.06132602319121361,0,0.3294658660888672,-0.044614970684051514,0.9431130886077881,0,-0.006093999836593866,0.04474499821662903,0,1,0.9589120149612427,0.2818259000778198,-0.03257112205028534,0,-0.28359705209732056,0.9553409218788147,-0.08304294943809509,0,0.007712877821177244,0.08886805921792984,0.9960139989852905,0,0.0011159999994561076,0.04538600146770477,0,1,0.9548519849777222,-0.29698294401168823,-0.007602055091410875,0,0.24421507120132446,0.7701090574264526,0.589314877986908,0,-0.1691620647907257,-0.564565122127533,0.8078680038452148,0,-0.030300000682473183,0.10593900084495544,-0.0027660001069307327,1,0.9985789656639099,-0.0466189980506897,-0.02581976167857647,0,0.045569006353616714,0.49575603008270264,0.867266058921814,0,-0.02763076312839985,-0.8672100305557251,0.49717581272125244,0,0.00009899999713525176,0.04404199868440628,0,1,0.9997010231018066,-0.023785855621099472,-0.005686783231794834,0,0.02402414381504059,0.9116048812866211,0.41036519408226013,0,-0.004576783627271652,-0.4103788137435913,0.9119031429290771,0,-0.000029000000722589903,0.04240899905562401,0,1,0.9509130716323853,-0.30932798981666565,-0.009041974321007729,0,0.19798599183559418,0.5856580138206482,0.786005973815918,0,-0.2378379851579666,-0.7492129802703857,0.6181519627571106,0,0.030300000682473183,0.11164599657058716,-0.0014590000500902534,1,0.9984359741210938,-0.047686975449323654,-0.02918880619108677,0,0.04654201492667198,0.4195908308029175,0.9065189957618713,0,-0.03098180517554283,-0.9064599275588989,0.42115411162376404,0,0.00021300000662449747,0.04402000084519386,0,1,0.9998859763145447,-0.014742076396942139,-0.00320623442530632,0,0.015013922937214375,0.951479971408844,0.307344913482666,0,-0.0014802345540374517,-0.3073580265045166,0.9515929222106934,0,-0.0001340000017080456,0.041847001761198044,0,1,-0.14550486207008362,0.6493863463401794,0.7464085817337036,0,-0.981381893157959,-0.19033697247505188,-0.025714650750160217,0,0.12537050247192383,-0.7362537980079651,0.6649913191795349,0,-0.06413300335407257,0.11212100088596344,0.001088000019080937,1,0.29923495650291443,-0.9484790563583374,-0.10414308309555054,0,0.6604052186012268,0.12709034979343414,0.7400757670402527,0,-0.6887111663818359,-0.2902333736419678,0.6644107103347778,0,0,0.13357900083065033,0,1,-0.1416337639093399,-0.9870460629463196,0.07536757737398148,0,0.9867910146713257,-0.14682422578334808,-0.06845560669898987,0,0.0786345824599266,0.06467640399932861,0.9948030114173889,0,0,0.34262698888778687,0,1,0.6414229273796082,0.08601021021604538,-0.7623510360717773,0,-0.392555832862854,0.8905540704727173,-0.22981221973896027,0,0.6591479778289795,0.4466717839241028,0.6049851179122925,0,0,0.2633880078792572,0,1,0.9694219827651978,-0.130559042096138,0.20778794586658478,0,-0.01986803486943245,0.8021931052207947,0.5967337489128113,0,-0.24459508061408997,-0.5826151967048645,0.7750698328018188,0,0.03554899990558624,0.0424639992415905,0.014188000001013279,1,0.8745200634002686,0.3577839732170105,0.3274209499359131,0,-0.3225930631160736,0.9332318902015686,-0.1581491380929947,0,-0.36214306950569153,0.03268086910247803,0.9315489530563354,0,0.006397999823093414,0.045285001397132874,0,1,0.7145819067955017,0.6966041326522827,-0.06414610892534256,0,-0.6871718168258667,0.6818050742149353,-0.25087013840675354,0,-0.1310221254825592,0.22334682941436768,0.9658929705619812,0,0.0006500000017695129,0.04655800014734268,0,1,0.9796000123023987,0.200923889875412,0.0036537530831992626,0,-0.19793008267879486,0.961540937423706,0.19042517244815826,0,0.03474775329232216,-0.18726380169391632,0.9816949963569641,0,0.027493000030517578,0.10571800172328949,-0.002265000017359853,1,0.9986929893493652,0.04857684299349785,0.01588497869670391,0,-0.04940815269947052,0.8381590843200684,0.5431829690933228,0,0.013071980327367783,-0.543258011341095,0.839464008808136,0,-0.00020300000323913991,0.04592899978160858,0,1,0.9999169707298279,0.012268315069377422,0.004054811783134937,0,-0.012661685235798359,0.8677900433540344,0.4967708885669708,0,0.0025758121628314257,-0.4967801570892334,0.867871880531311,0,0.0005169999785721302,0.04402700066566467,0,1,0.9408619999885559,0.32721900939941406,0.08779168128967285,0,-0.27496498823165894,0.5861390829086304,0.7621248960494995,0,0.1979236602783203,-0.7411941289901733,0.6414499282836914,0,-0.027493000030517578,0.11250899732112885,-0.002948000095784664,1,0.9979889392852783,0.031195027753710747,0.055184874683618546,0,-0.0407329685986042,-0.3514688313007355,0.9353130459785461,0,0.04857287555932999,-0.9356798529624939,-0.34949129819869995,0,0.00010099999781232327,0.04639999940991402,0,1,0.9999979734420776,-0.001399950124323368,-0.0012299064546823502,0,0.001722049550153315,0.9464530348777771,0.322836697101593,0,0.0007120936061255634,-0.32283827662467957,0.946453869342804,0,0.00023299999884329736,0.040674999356269836,0,1,-0.613408088684082,-0.2984887659549713,0.731188178062439,0,0.36273622512817383,-0.9288780093193054,-0.07488404214382172,0,0.7015368938446045,0.21929404139518738,0.6780540943145752,0,0.09619099646806717,-0.04876000061631203,0.018198000267148018,1,0.9852458834648132,-0.16680827736854553,0.03828500583767891,0,0.1698887050151825,0.9261680841445923,-0.33667609095573425,0,0.02070201374590397,0.33821290731430054,0.9408420324325562,0,0,0.3862819969654083,0,1,0.9825039505958557,-0.021304789930582047,0.18501609563827515,0,-0.11917880177497864,0.6914700865745544,0.7125070095062256,0,-0.1431128978729248,-0.722091019153595,0.6768330335617065,0,0,0.49035900831222534,0,1,1,0,0.0009407593170180917,0,-0.0006122806225903332,0.7590239644050598,0.6510631442070007,0,-0.0007142407121136785,-0.6510629057884216,0.7590230703353882,0,0,0.14722399413585663,0,1,-0.9773209095001221,0.18385003507137299,0.10508320480585098,0,-0.1924259513616562,-0.9781869053840637,-0.07824484258890152,0,0.0884057804942131,-0.09669113904237747,0.9913809299468994,0,-0.09619099646806717,-0.04876000061631203,0.022193999961018562,1,0.9832779765129089,0.173647940158844,-0.05487304925918579,0,-0.1785440742969513,0.8598629832267761,-0.47828590869903564,0,-0.03587004914879799,0.4800851047039032,0.8764879107475281,0,0,0.3863469958305359,0,1,0.9094758629798889,0.20210792124271393,-0.3633272349834442,0,0.28151389956474304,0.3437201678752899,0.8958830237388611,0,0.30594778060913086,-0.9170651435852051,0.25570887327194214,0,0,0.48982900381088257,0,1,0.9999070167541504,0.000054242897022049874,-0.013628835789859295,0,0.00858624279499054,0.7740811109542847,0.6330277919769287,0,0.010584164410829544,-0.6330861449241638,0.7740088701248169,0,0,0.15144699811935425,0,1
K0.034,0.7678207159042358,0.022110305726528168,0.6402833461761475,0,0.12809327244758606,0.9739269018173218,-0.18723973631858826,0,-0.6277289986610413,0.22578248381614685,0.744968831539154,0,0.014936120249330997,0.9837664365768433,-0.01732472889125347,1,0.9999970197677612,-0.0002712806744966656,0.002613973570987582,0,-0.0002761221257969737,0.9783065319061279,0.20716235041618347,0,-0.0026134666986763477,-0.20716246962547302,0.9783035516738892,0,0,0.0878560021519661,0.006111999973654747,1,0.9999150037765503,-0.013054050505161285,0.00007902472134446725,0,0.012501121498644352,0.9592701196670532,0.282213419675827,0,-0.003759835148230195,-0.2821885049343109,0.9593520164489746,0,0,0.10274600237607956,0,1,0.9999160766601562,-0.01288431417196989,0.001320265932008624,0,0.011987951584160328,0.9592720866203308,0.2822297513484955,0,-0.00490283127874136,-0.2821902632713318,0.9593460559844971,0,0,0.11742399632930756,0,1,0.9912784695625305,0.006719337310642004,-0.13161207735538483,0,-0.01481908280402422,0.998048722743988,-0.060660164803266525,0,0.13094769418239594,0.06208149716258049,0.9894439578056335,0,0,0.13210199773311615,0,1,0.9092087149620056,0.15964052081108093,-0.3845199942588806,0,-0.19036796689033508,0.9807734489440918,-0.04294450208544731,0,0.37027087807655334,0.11224567145109177,0.9221171140670776,0,0,0.12008199840784073,0.02579200081527233,1,0.113518126308918,-0.6026071906089783,-0.7899231910705566,0,0.9675336480140686,-0.11365507543087006,0.2257460057735443,0,-0.2258148491382599,-0.7899033427238464,0.5701406598091125,0,0.06413300335407257,0.1121629998087883,0.0016899999463930726,1,0.7181336283683777,0.3732192814350128,0.5873594284057617,0,-0.6634353399276733,0.6219755411148071,0.41593268513679504,0,-0.21008926630020142,-0.6883708238601685,0.6942689418792725,0,0,0.13357900083065033,0,1,0.5090176463127136,0.8601608276367188,-0.031998950988054276,0,-0.8599438071250916,0.5065711736679077,-0.062312051653862,0,-0.0373886302113533,0.059235215187072754,0.9975433349609375,0,0,0.34262099862098694,0,1,-0.45597633719444275,0.19420939683914185,0.8685442805290222,0,0.4807173013687134,0.8750396370887756,0.05670957267284393,0,-0.7489970922470093,0.4433824121952057,-0.49235716462135315,0,0,0.26333799958229065,0,1,0.9640892148017883,-0.009904887527227402,-0.2653947174549103,0,0.11352274566888809,0.9187778234481812,0.3780996799468994,0,0.2400939166545868,-0.394650399684906,0.886908769607544,0,-0.034602001309394836,0.04176099970936775,0.01565299928188324,1,0.9432991743087769,0.05839997157454491,-0.3267677128314972,0,-0.04049902409315109,0.9972959160804749,0.06132601946592331,0,0.3294653296470642,-0.04461497440934181,0.9431129097938538,0,-0.006093999836593866,0.04474499821662903,0,1,0.9589120149612427,0.2818259000778198,-0.0325709767639637,0,-0.28359702229499817,0.9553409814834595,-0.0830419510602951,0,0.007713020779192448,0.08886704593896866,0.9960139989852905,0,0.0011159999994561076,0.04538600146770477,0,1,0.9583442807197571,-0.2855894863605499,-0.0039812540635466576,0,0.24469467997550964,0.8137657046318054,0.5271713733673096,0,-0.14731471240520477,-0.5061855912208557,0.8497496247291565,0,-0.030300000682473183,0.10593900084495544,-0.0027660001069307327,1,0.9987145066261292,-0.04504917562007904,-0.023251879960298538,0,0.04410982131958008,0.546107292175293,0.8365530371665955,0,-0.024987993761897087,-0.8365028500556946,0.5473921298980713,0,0.00009899999713525176,0.04404199868440628,0,1,0.9997758269309998,-0.020738238468766212,-0.004217456094920635,0,0.020904719829559326,0.9367519617080688,0.3493689298629761,0,-0.003294588066637516,-0.3493790030479431,0.9369760751724243,0,-0.000029000000722589903,0.04240899905562401,0,1,0.9516587257385254,-0.3070250153541565,-0.008983922190964222,0,0.2055303156375885,0.6147835850715637,0.761445164680481,0,-0.22825948894023895,-0.7264822721481323,0.648167073726654,0,0.030300000682473183,0.11164599657058716,-0.0014590000500902534,1,0.9987949132919312,-0.04395269602537155,-0.021853165701031685,0,0.043128132820129395,0.5732165575027466,0.8182680606842041,0,-0.023438487201929092,-0.8182244300842285,0.5744213461875916,0,0.00021300000662449747,0.04402000084519386,0,1,0.999885082244873,-0.014819687232375145,-0.0032364388462156057,0,0.015094386413693428,0.950927734375,0.30904316902160645,0,-0.0015023043379187584,-0.3090566098690033,0.9510425925254822,0,-0.0001340000017080456,0.041847001761198044,0,1,-0.13310208916664124,0.5931383371353149,0.7940228581428528,0,-0.9772340655326843,-0.21209676563739777,-0.005376623477786779,0,0.16522040963172913,-0.7766610980033875,0.6078649163246155,0,-0.06413300335407257,0.11212100088596344,0.001088000019080937,1,0.2954320013523102,-0.9483898282051086,-0.11522787809371948,0,0.6931149363517761,0.12976299226284027,0.7090508341789246,0,-0.6575040221214294,-0.28934234380722046,0.6956790089607239,0,0,0.13357900083065033,0,1,-0.08348610252141953,-0.9939528703689575,0.0713333860039711,0,0.9936959743499756,-0.08841187506914139,-0.06893591582775116,0,0.07482574135065079,0.06512849032878876,0.9950677752494812,0,0,0.34262698888778687,0,1,0.6807706356048584,0.08406797796487808,-0.7276568412780762,0,-0.35231703519821167,0.9085169434547424,-0.224652498960495,0,0.6422028541564941,0.4093029499053955,0.6481106281280518,0,0,0.2633880078792572,0,1,0.9695560932159424,-0.12782694399356842,0.20885755121707916,0,-0.022805962711572647,0.8020880222320557,0.5967710614204407,0,-0.24380546808242798,-0.5833659768104553,0.7747538089752197,0,0.03554899990558624,0.0424639992415905,0.014188000001013279,1,0.8742258548736572,0.35735005140304565,0.3286771774291992,0,-0.3233029246330261,0.9335120320320129,-0.15501774847507477,0,-0.36221981048583984,0.029258249327540398,0.9316330552101135,0,0.006397999823093414,0.045285001397132874,0,1,0.7149837613105774,0.6962761282920837,-0.0632258951663971,0,-0.686829686164856,0.6826190948486328,-0.24959217011928558,0,-0.1306259036064148,0.22187982499599457,0.966284990310669,0,0.0006500000017695129,0.04655800014734268,0,1,0.9789731502532959,0.2037784606218338,0.00928320549428463,0,-0.20316801965236664,0.9699383974075317,0.13395164906978607,0,0.018292319029569626,-0.13302108645439148,0.9909446239471436,0,0.027493000030517578,0.10571800172328949,-0.002265000017359853,1,0.999272346496582,0.03739824891090393,0.00750832399353385,0,-0.03765435516834259,0.9356791377067566,0.3508365750312805,0,0.006095291581004858,-0.3508640229701996,0.9364066123962402,0,-0.00020300000323913991,0.04592899978160858,0,1,0.9999457597732544,0.009951561689376831,0.0031902785412967205,0,-0.010297632776200771,0.8862791657447815,0.4630356431007385,0,0.0017804504605010152,-0.46304333209991455,0.8863335251808167,0,0.0005169999785721302,0.04402700066566467,0,1,0.940690279006958,0.3280193507671356,0.08663801103830338,0,-0.28163057565689087,0.6125958561897278,0.7385193109512329,0,0.1891743540763855,-0.7191171050071716,0.668642520904541,0,-0.027493000030517578,0.11250899732112885,-0.002948000095784664,1,0.998007595539093,0.03144752234220505,0.05470266938209534,0,-0.040889911353588104,-0.3379391133785248,0.9402794241905212,0,0.048055604100227356,-0.9406422972679138,-0.33597975969314575,0,0.00010099999781232327,0.04639999940991402,0,1,0.9999969601631165,-0.002113806549459696,-0.0012879844289273024,0,0.0024061466101557016,0.9522327184677124,0.30536359548568726,0,0.0005809812573716044,-0.30536574125289917,0.95223468542099,0,0.00023299999884329736,0.040674999356269836,0,1,-0.6136991381645203,-0.2984459400177002,0.7309607863426208,0,0.36226439476013184,-0.9290390610694885,-0.0751703754067421,0,0.7015254497528076,0.21866905689239502,0.6782669425010681,0,0.09619099646806717,-0.04876000061631203,0.018198000267148018,1,0.9852731227874756,-0.16666236519813538,0.03822973743081093,0,0.16974230110645294,0.9263527393341064,-0.33624041080474854,0,0.020624395459890366,0.3377777338027954,0.9409997463226318,0,0,0.3862819969654083,0,1,0.9824671745300293,-0.02190922386944294,0.18514437973499298,0,-0.11885633319616318,0.6914929151535034,0.7125385999679565,0,-0.14363710582256317,-0.7220510244369507,0.6767646670341492,0,0,0.49035900831222534,0,1,1,-0.00001273700672754785,0.0009469436481595039,0,-0.0006069114315323532,0.7589706182479858,0.6511247754096985,0,-0.000726995465811342,-0.6511251330375671,0.7589703798294067,0,0,0.14722399413585663,0,1,-0.977279007434845,0.18411467969417572,0.10501350462436676,0,-0.19272710382938385,-0.978089451789856,-0.07872814685106277,0,0.0882175862789154,-0.09717831015586853,0.9913501143455505,0,-0.09619099646806717,-0.04876000061631203,0.022193999961018562,1,0.9832687973976135,0.17364241182804108,-0.05505916848778725,0,-0.17864194512367249,0.8600285053253174,-0.4779517650604248,0,-0.035640232264995575,0.4797907769680023,0.8766586780548096,0,0,0.3863469958305359,0,1,0.9096004366874695,0.20197793841362,-0.3630867898464203,0,0.28141912817955017,0.3434014916419983,0.8960351347923279,0,0.3056640028953552,-0.9172137975692749,0.25551778078079224,0,0,0.48982900381088257,0,1,0.9999080300331116,-0.000003616959020291688,-0.013599222525954247,0,0.008608300238847733,0.7743198275566101,0.6327353119850159,0,0.010527861304581165,-0.6327943205833435,0.7742488384246826,0,0,0.15144699811935425,0,1
K0.067,0.7682037949562073,0.022847486659884453,0.6397977471351624,0,0.12713131308555603,0.974016547203064,-0.18742890655994415,0,-0.6274557709693909,0.22532187402248383,0.7453383803367615,0,0.014558600261807442,0.9838056564331055,-0.017099415883421898,1,0.9999949932098389,0.000031754138035466895,0.003012916771695018,0,-0.0006544707575812936,0.9783596992492676,0.20690929889678955,0,-0.0029411488212645054,-0.2069104164838791,0.9783557057380676,0,0,0.0878560021519661,0.006111999973654747,1,0.9999212622642517,-0.012480594217777252,0.0009535595308989286,0,0.011705764569342136,0.9593796133995056,0.2818754315376282,0,-0.004432797897607088,-0.28184202313423157,0.9594500660896301,0,0,0.10274600237607956,0,1,0.9999222159385681,-0.01231699250638485,0.002205789089202881,0,0.011195739731192589,0.9593794345855713,0.2818950116634369,0,-0.005588290747255087,-0.2818485498428345,0.9594432711601257,0,0,0.11742399632930756,0,1,0.9911224842071533,0.006041053682565689,-0.13281485438346863,0,-0.014298897236585617,0.9980158805847168,-0.06131008639931679,0,0.13218097388744354,0.06266491860151291,0.989242434501648,0,0,0.13210199773311615,0,1,0.908309817314148,0.1577034294605255,-0.3874318301677704,0,-0.1889694333076477,0.9810097217559814,-0.04370885342359543,0,0.37318137288093567,0.11291395872831345,0.9208618998527527,0,0,0.12008199840784073,0.02579200081527233,1,0.12975984811782837,-0.5963204503059387,-0.7921896576881409,0,0.9743890762329102,-0.07128918915987015,0.21326680481433868,0,-0.1836501508951187,-0.79957515001297,0.5717983245849609,0,0.06413300335407257,0.1121629998087883,0.0016899999463930726,1,0.7285524606704712,0.36249467730522156,0.5812129378318787,0,-0.6557872891426086,0.6142178177833557,0.4389522671699524,0,-0.1978735327720642,-0.7009521126747131,0.6852096319198608,0,0,0.13357900083065033,0,1,0.5528275370597839,0.8327962756156921,-0.028824321925640106,0,-0.8325861692428589,0.5505999326705933,-0.060329824686050415,0,-0.03437180817127228,0.0573507696390152,0.9977622032165527,0,0,0.34262099862098694,0,1,-0.49603548645973206,0.20033031702041626,0.8448767066001892,0,0.4280445873737335,0.9029917120933533,0.03719918057322502,0,-0.7554645538330078,0.38009703159332275,-0.5336662530899048,0,0,0.26333799958229065,0,1,0.9601014256477356,-0.04142599180340767,-0.2765675187110901,0,0.14811725914478302,0.9141876101493835,0.3772549331188202,0,0.23720642924308777,-0.4031674265861511,0.8838487267494202,0,-0.034602001309394836,0.04176099970936775,0.01565299928188324,1,0.9432989954948425,0.0583999864757061,-0.3267681300640106,0,-0.0404990129172802,0.9972959160804749,0.06132602319121361,0,0.3294658660888672,-0.044614970684051514,0.9431130886077881,0,-0.006093999836593866,0.04474499821662903,0,1,0.9589120149612427,0.2818259000778198,-0.0325709767639637,0,-0.28359702229499817,0.9553409814834595,-0.0830419510602951,0,0.007713020779192448,0.08886704593896866,0.9960139989852905,0,0.0011159999994561076,0.04538600146770477,0,1,0.9621202349662781,-0.2726195156574249,-0.0018143076449632645,0,0.24359922111034393,0.8566765785217285,0.4547141492366791,0,-0.12240970134735107,-0.43793174624443054,0.8906359076499939,0,-0.030300000682473183,0.10593900084495544,-0.0027660001069307327,1,0.9988588094711304,-0.04313786327838898,-0.0205234345048666,0,0.042315926402807236,0.5996085405349731,0.7991741895675659,0,-0.02216862142086029,-0.7991300225257874,0.6007491946220398,0,0.00009899999713525176,0.04404199868440628,0,1,0.9998472929000854,-0.017246581614017487,-0.002825414761900902,0,0.017348194494843483,0.9598984122276306,0.27980947494506836,0,-0.002113645663484931,-0.2798157334327698,0.9600510001182556,0,-0.000029000000722589903,0.04240899905562401,0,1,0.9525096416473389,-0.30438098311424255,-0.008798949420452118,0,0.21286942064762115,0.6449210047721863,0.7340050935745239,0,-0.21774260699748993,-0.7010200619697571,0.6790869235992432,0,0.030300000682473183,0.11164599657058716,-0.0014590000500902534,1,0.9991586208343506,-0.038336899131536484,-0.014596294611692429,0,0.037819817662239075,0.7230744957923889,0.6897340416908264,0,-0.015888050198554993,-0.689705491065979,0.7239157557487488,0,0.00021300000662449747,0.04402000084519386,0,1,0.9998829960823059,-0.014919341541826725,-0.0032769623212516308,0,0.015198194421827793,0.950208842754364,0.31124112010002136,0,-0.0015297150239348412,-0.31125470995903015,0.9503250122070312,0,-0.0001340000017080456,0.041847001761198044,0,1,-0.11571590602397919,0.5358245968818665,0.8363621830940247,0,-0.9732953310012817,-0.22923095524311066,0.01219785213470459,0,0.19825619459152222,-0.8126165866851807,0.5480417013168335,0,-0.06413300335407257,0.11212100088596344,0.001088000019080937,1,0.29229968786239624,-0.9469695687294006,-0.13345187902450562,0,0.7238247394561768,0.12787020206451416,0.6780313849449158,0,-0.6250109076499939,-0.29478421807289124,0.7228168249130249,0,0,0.13357900083065033,0,1,-0.023745723068714142,-0.9974581003189087,0.0671895444393158,0,0.9972002506256104,-0.028399517759680748,-0.0691787376999855,0,0.0709109753370285,0.06535866856575012,0.9953388571739197,0,0,0.34262698888778687,0,1,0.7169745564460754,0.07638784497976303,-0.6929014325141907,0,-0.3102916479110718,0.9250504970550537,-0.21909120678901672,0,0.6242326498031616,0.3720841705799103,0.6869398951530457,0,0,0.2633880078792572,0,1,0.9695559740066528,-0.1278260201215744,0.20885790884494781,0,-0.022806990891695023,0.8020879030227661,0.5967711210250854,0,-0.24380505084991455,-0.5833658576011658,0.7747530341148376,0,0.03554899990558624,0.0424639992415905,0.014188000001013279,1,0.8742260336875916,0.3573501408100128,0.3286777436733246,0,-0.32330283522605896,0.9335120320320129,-0.15501782298088074,0,-0.36222028732299805,0.029258176684379578,0.9316328763961792,0,0.006397999823093414,0.045285001397132874,0,1,0.7149838209152222,0.696276068687439,-0.06322608143091202,0,-0.6868298053741455,0.6826192140579224,-0.24959269165992737,0,-0.13062608242034912,0.22188030183315277,0.9662848711013794,0,0.0006500000017695129,0.04655800014734268,0,1,0.9763651490211487,0.2157430499792099,0.012896282598376274,0,-0.21587806940078735,0.9706286787986755,0.10618752986192703,0,0.010391723364591599,-0.10646183788776398,0.9942623376846313,0,0.027493000030517578,0.10571800172328949,-0.002265000017359853,1,0.9993113279342651,0.036441244184970856,0.006952677853405476,0,-0.03666514530777931,0.9415722489356995,0.3348104953765869,0,0.005654462613165379,-0.33483484387397766,0.9422599673271179,0,-0.00020300000323913991,0.04592899978160858,0,1,0.9999955296516418,0.002663261955603957,0.001103547285310924,0,-0.002881601918488741,0.9346593022346497,0.35553228855133057,0,-0.00008456526120426133,-0.35553407669067383,0.9346632957458496,0,0.0005169999785721302,0.04402700066566467,0,1,0.9409527778625488,0.32829588651657104,0.08263922482728958,0,-0.2926698327064514,0.6661665439605713,0.6859785914421082,0,0.17015254497528076,-0.6696597337722778,0.7229138612747192,0,-0.027493000030517578,0.11250899732112885,-0.002948000095784664,1,0.9980644583702087,0.03217101842164993,0.05321744456887245,0,-0.04132077842950821,-0.2964443862438202,0.9541555047035217,0,0.04647219926118851,-0.9545083045959473,-0.29454144835472107,0,0.00010099999781232327,0.04639999940991402,0,1,0.9999907612800598,-0.0040712300688028336,-0.001379799097776413,0,0.004289086442440748,0.9664068818092346,0.2569808065891266,0,0.00028721921262331307,-0.25698429346084595,0.9664152264595032,0,0.00023299999884329736,0.040674999356269836,0,1,-0.61483234167099,-0.2976225018501282,0.7303439974784851,0,0.36103206872940063,-0.9295431971549988,-0.07486717402935028,0,0.7011686563491821,0.21764689683914185,0.6789646148681641,0,0.09619099646806717,-0.04876000061631203,0.018198000267148018,1,0.9853796362876892,-0.166007399559021,0.03832384571433067,0,0.169174462556839,0.9267279505729675,-0.33549267053604126,0,0.020178481936454773,0.3370710611343384,0.9412630796432495,0,0,0.3862819969654083,0,1,0.982392430305481,-0.0225979033857584,0.1854558289051056,0,-0.11857821047306061,0.6916723847389221,0.7124104499816895,0,-0.14437365531921387,-0.7218577265739441,0.676814079284668,0,0,0.49035900831222534,0,1,1,-0.00007055408059386536,0.0009780992986634374,0,-0.0005836167256347835,0.7587219476699829,0.651414155960083,0,-0.00078806490637362,-0.6514144539833069,0.7587215304374695,0,0,0.14722399413585663,0,1,-0.9771736264228821,0.18481174111366272,0.10477118194103241,0,-0.19341880083084106,-0.9779358506202698,-0.07893119752407074,0,0.08787210285663605,-0.09739423543214798,0.9913594722747803,0,-0.09619099646806717,-0.04876000061631203,0.022193999961018562,1,0.9832548499107361,0.1736886352300644,-0.05514763295650482,0,-0.17872975766658783,0.8600769639015198,-0.4778320789337158,0,-0.03556281328201294,0.4796874523162842,0.8767185807228088,0,0,0.3863469958305359,0,1,0.9095618724822998,0.20205555856227875,-0.3631404638290405,0,0.2816101312637329,0.34292325377464294,0.8961584568023682,0,0.30560290813446045,-0.9173749685287476,0.25500884652137756,0,0,0.48982900381088257,0,1,0.9999070167541504,0.000003031523874597042,-0.013602390885353088,0,0.00860563013702631,0.7742926478385925,0.6327694058418274,0,0.010534154251217842,-0.632827877998352,0.7742210030555725,0,0,0.15144699811935425,0,1
