1.133,30,34,49
B0,mixamorig_Hips,-1,0.886027991771698,0.054838623851537704,0.4603770077228546,0,0.048080701380968094,0.9767581224441528,-0.20888298749923706,0,-0.46113187074661255,0.207211434841156,0.8627983927726746,0,-0.003144781803712249,0.8022695779800415,0.009658675640821457,1
B1,mixamorig_Spine,0,0.9993991851806641,-0.014871637336909771,-0.03129298985004425,0,0.017137454822659492,0.9971529841423035,0.07343051582574844,0,0.030111879110336304,-0.07392270863056183,0.9968091249465942,0,0,0.115557000041008,-0.010862000286579132,1
B2,mixamorig_Spine1,1,0.9969619512557983,-0.02121623605489731,-0.07493884116411209,0,0.044679224491119385,0.9439106583595276,0.3271635174751282,0,0.06379442662000656,-0.3295179605484009,0.94199138879776,0,0,0.13541099429130554,0,1
B3,mixamorig_Spine2,2,0.9969629049301147,-0.021216249093413353,-0.07493888586759567,0,0.04467920958995819,0.9439106583595276,0.3271635174751282,0,0.06379439681768417,-0.3295179605484009,0.94199138879776,0,0,0.15475499629974365,0,1
B4,mixamorig_Neck,3,0.9953363537788391,-0.011791647411882877,-0.09574460983276367,0,-0.013191046193242073,0.9665419459342957,-0.2561674118041992,0,0.09556187689304352,0.25623586773872375,0.961879312992096,0,0,0.17409999668598175,0,1
B5,mixamorig_Head,4,0.9995664358139038,-0.018522944301366806,0.02288513444364071,0,0.023427274078130722,0.9711823463439941,-0.23718273639678955,0,-0.017832323908805847,0.2376161515712738,0.9711956977844238,0,0,0.08386600017547607,0.014653000049293041,1
B6,mixamorig_HeadTop_End,5,1,0,0,0,0,1,0,0,0,0,1,0,0,0.264737993478775,0.046254001557826996,1
B7,mixamorig_LeftShoulder,3,0.5546979308128357,-0.7035614252090454,-0.4441986680030823,0,0.7240270376205444,0.14508342742919922,0.6743406057357788,0,-0.4099942147731781,-0.6956672072410583,0.5898750424385071,0,0.07487399876117706,0.15380500257015228,-0.002010999945923686,1
B8,mixamorig_LeftArm,7,0.7579066753387451,0.286306768655777,0.5861788392066956,0,-0.6191412210464478,0.5987756252288818,0.5080663561820984,0,-0.20552681386470795,-0.7479946613311768,0.6310805678367615,0,0,0.14695900678634644,0,1
B9,mixamorig_LeftForeArm,8,0.8766103982925415,0.4808916747570038,0.017273973673582077,0,-0.4811352491378784,0.8753283023834229,0.048054784536361694,0,0.007988745346665382,-0.050436440855264664,0.9986957907676697,0,0,0.3050200045108795,0,1
B10,mixamorig_LeftHand,9,0.9231561422348022,0.14549587666988373,0.355827659368515,0,0.10255797207355499,0.7988508939743042,-0.5927210450172424,0,-0.37049177289009094,0.5836670994758606,0.7225424647331238,0,0,0.18424899876117706,0,1
B11,mixamorig_LeftHandThumb1,10,0.8208114504814148,0.5639002323150635,-0.09101931005716324,0,-0.531850278377533,0.8126214742660522,0.23828689754009247,0,0.20833441615104675,-0.14718006551265717,0.9669200778007507,0,-0.03313000127673149,0.09096600115299225,0.013790000230073929,1
B12,mixamorig_LeftHandThumb2,11,0.9893003106117249,-0.08143208920955658,0.12104828655719757,0,0.06252036243677139,0.9863153100013733,0.15255318582057953,0,-0.13181456923484802,-0.14335298538208008,0.9808536171913147,0,-0.0014090000186115503,0.0782179981470108,0,1
B13,mixamorig_LeftHandThumb3,12,0.956296980381012,0.291853129863739,0.017842138186097145,0,-0.29183587431907654,0.9564610123634338,-0.0036098691634833813,0,-0.018118862062692642,-0.0017548691248521209,0.9998340010643005,0,-0.005520000122487545,0.05680200085043907,0,1
B14,mixamorig_LeftHandThumb4,13,1,0,0,0,0,1,0,0,0,0,1,0,0.006930000148713589,0.0340690016746521,0,1
B15,mixamorig_LeftHandIndex1,10,0.9537451863288879,-0.288936048746109,-0.08297815918922424,0,0.29878029227256775,0.8806466460227966,0.36768361926078796,0,-0.03316264972090721,-0.3754692077636719,0.9262420535087585,0,-0.0290949996560812,0.2116370052099228,-0.002065999899059534,1
B16,mixamorig_LeftHandIndex2,15,0.9999579191207886,-0.00915608461946249,0.0005527167813852429,0,0.006559133064001799,0.7558602690696716,0.6546998620033264,0,-0.006412263493984938,-0.6546686291694641,0.7558885216712952,0,0.00007400000322377309,0.03825400024652481,0,1
B17,mixamorig_LeftHandIndex3,16,0.9999920129776001,-0.003922000993043184,0.0006289960001595318,0,0.003921998664736748,0.9999920129776001,0.0000032334735351469135,0,-0.0006290040910243988,-7.665264547540573e-7,1,0,0.000037999998312443495,0.043081000447273254,0,1
B18,mixamorig_LeftHandIndex4,17,1,0,0,0,0,1,0,0,0,0,1,0,-0.00011200000153621659,0.025474999099969864,0,1
B19,mixamorig_LeftHandMiddle1,10,0.9426397085189819,-0.33213064074516296,0.033449508249759674,0,0.28205081820487976,0.8460626602172852,0.4523548185825348,0,-0.17854133248329163,-0.4169732928276062,0.8912102580070496,0,0.0290949996560812,0.20932500064373016,-0.0017180000431835651,1
B20,mixamorig_LeftHandMiddle2,19,0.9976939558982849,0.060622867196798325,0.03052986040711403,0,-0.06342758983373642,0.6725160479545593,0.7373591661453247,0,0.02416899800300598,-0.7375950217247009,0.6748102307319641,0,0.00007699999696342275,0.04418199881911278,0,1
B21,mixamorig_LeftHandMiddle3,20,0.9999969601631165,0.0025579999200999737,-0.00007700000423938036,0,-0.0025579999200999737,0.9999969601631165,9.848313453630908e-8,0,0.00007699998241150752,9.848311322002701e-8,1,0,-0.00007599999662488699,0.039101000875234604,0,1
B22,mixamorig_LeftHandMiddle4,21,1,0,0,0,0,1,0,0,0,0,1,0,0,0.024484999477863312,0,1
B23,mixamorig_RightShoulder,3,0.6401199698448181,0.5646999478340149,0.5209226012229919,0,-0.614427387714386,-0.03076697699725628,0.7883730530738831,0,0.46122172474861145,-0.8247228860855103,0.3272727131843567,0,-0.07487399876117706,0.15378600358963013,-0.0018060000147670507,1
B24,mixamorig_RightArm,23,0.5561540722846985,-0.8268644213676453,-0.0835881233215332,0,0.831074059009552,0.553694486618042,0.052338868379592896,0,0.003005142556503415,-0.09857643395662308,0.995125412940979,0,0,0.14695900678634644,0,1
B25,mixamorig_RightForeArm,24,0.9636260271072388,-0.26713964343070984,-0.00787428766489029,0,0.26725509762763977,0.9632512331008911,0.02684446983039379,0,0.00041369543760083616,-0.027972472831606865,0.9996083378791809,0,0,0.30505499243736267,0,1
B26,mixamorig_RightHand,25,0.7165082693099976,-0.05243698135018349,-0.6956048607826233,0,-0.3235945403575897,0.8584059476852417,-0.3980282247066498,0,0.6179824471473694,0.5102841854095459,0.5980863571166992,0,0,0.18424899876117706,0,1
B27,mixamorig_RightHandThumb1,26,0.7421748042106628,-0.45784792304039,0.48944059014320374,0,0.2411070466041565,0.863787829875946,0.4424231946468353,0,-0.6253349184989929,-0.21034763753414154,0.7514714002609253,0,0.032903000712394714,0.09380000084638596,0.018118999898433685,1
B28,mixamorig_RightHandThumb2,27,0.9999629259109497,0.005773124285042286,-0.006392886396497488,0,-0.005952131934463978,0.9995799660682678,-0.028345812112092972,0,0.00622656149789691,0.028382832184433937,0.9995779991149902,0,0.0038660001009702682,0.08074100315570831,0,1
B29,mixamorig_RightHandThumb3,28,0.9879100322723389,-0.15390460193157196,-0.018619805574417114,0,0.15388138592243195,0.988085925579071,-0.002684850711375475,0,0.018811175599694252,-0.00021285067487042397,0.9998229742050171,0,0.000598000013269484,0.05323699861764908,0,1
B30,mixamorig_RightHandThumb4,29,1,0,0,0,0,1,0,0,0,0,1,0,-0.0044639999978244305,0.031168000772595406,0,1
B31,mixamorig_RightHandIndex1,26,0.9989219307899475,-0.0463850162923336,0.0019146244740113616,0,0.044866859912872314,0.9751777648925781,0.21682874858379364,0,-0.011924706399440765,-0.2165091186761856,0.9762077927589417,0,0.024845000356435776,0.21531400084495544,-0.002767999889329076,1
B32,mixamorig_RightHandIndex2,31,0.9999499917030334,0.009973333217203617,0.0005269289831630886,0,-0.009454057551920414,0.9282394051551819,0.37186306715011597,0,0.003219597740098834,-0.3718494474887848,0.9282872080802917,0,0.000009999999747378752,0.041916001588106155,0,1
B33,mixamorig_RightHandIndex3,32,0.9999809861183167,0.006155000533908606,0.00011201741290278733,0,-0.006155000533908606,0.9999809861183167,-3.5345613014214905e-7,0,-0.00011201747111044824,-3.360178197908681e-7,1,0,-0.00007999999797903001,0.03949600085616112,0,1
B34,mixamorig_RightHandIndex4,33,1,0,0,0,0,1,0,0,0,0,1,0,0.00007000000186963007,0.02756199985742569,0,1
B35,mixamorig_RightHandMiddle1,26,0.9958357214927673,-0.01769026182591915,-0.08943238109350204,0,0.060830701142549515,0.8596085906028748,0.5073182582855225,0,0.06790224462747574,-0.5106458067893982,0.8571049571037292,0,-0.024845000356435776,0.2111939936876297,-0.0017819999484345317,1
B36,mixamorig_RightHandMiddle2,35,0.9920440912246704,-0.07982753217220306,-0.09734425693750381,0,0.08674123138189316,-0.12696640193462372,0.988106906414032,0,-0.0912376344203949,-0.9886899590492249,-0.11903199553489685,0,0.00007599999662488699,0.03627699986100197,0,1
B37,mixamorig_RightHandMiddle3,36,0.9999930262565613,-0.0037040002644062042,0.0002249972167192027,0,0.003703999798744917,0.9999930262565613,0.000001907982095872285,0,-0.0002250027609989047,-0.0000010745793588284869,1,0,-0.000003000000106112566,0.04137500002980232,0,1
B38,mixamorig_RightHandMiddle4,37,1,0,0,0,0,1,0,0,0,0,1,0,-0.00007400000322377309,0.02698099985718727,0,1
B39,mixamorig_LeftUpLeg,0,-0.8894205093383789,-0.228398397564888,0.3959358334541321,0,0.3555738925933838,-0.8900298476219177,0.2853323817253113,0,0.2872251272201538,0.39456474781036377,0.8728229999542236,0,0.08867000043392181,-0.06413000077009201,-0.02200300060212612,1
B40,mixamorig_LeftLeg,39,0.9966678619384766,-0.08125150203704834,0.007165808230638504,0,0.07036266475915909,0.812001645565033,-0.5793980360031128,0,0.0412583202123642,0.5779717564582825,0.8150131702423096,0,0,0.3963479995727539,0,1
B41,mixamorig_LeftFoot,40,0.9806738495826721,-0.11215317994356155,0.16031651198863983,0,-0.07418077439069748,0.5450801849365234,0.8350957036018372,0,-0.1810438483953476,-0.8308482766151428,0.5262258648872375,0,0,0.3364959955215454,0,1
B42,mixamorig_LeftToeBase,41,0.9962313771247864,-0.0009628513362258673,0.08672639727592468,0,-0.03945474699139595,0.8854544758796692,0.46304962038993835,0,-0.07723812013864517,-0.46472638845443726,0.882079541683197,0,0,0.1492290049791336,0,1
B43,mixamorig_LeftToe_End,42,1,0,0,0,0,1,0,0,0,0,1,0,0,0.07995100319385529,0,1
B44,mixamorig_RightUpLeg,0,-0.9128827452659607,0.3862666189670563,-0.13207374513149261,0,-0.39387404918670654,-0.9184474945068359,0.03630730137228966,0,-0.10727840662002563,0.08516465127468109,0.990574300289154,0,-0.08867000043392181,-0.06413000077009201,-0.02048099972307682,1
B45,mixamorig_RightLeg,44,0.9966188073158264,0.07651973515748978,-0.02991940639913082,0,-0.07221250236034393,0.642103374004364,-0.7632092237472534,0,-0.03918922320008278,0.7627894878387451,0.6454581618309021,0,0,0.3963190019130707,0,1
B46,mixamorig_RightFoot,45,0.9500969648361206,0.038093045353889465,0.3096214234828949,0,-0.3074414134025574,-0.05390508100390434,0.9500393271446228,0,0.05288001522421837,-0.9978188872337341,-0.03950363025069237,0,0,0.3364500105381012,0,1
B47,mixamorig_RightToeBase,46,0.9960519671440125,0.0028926681261509657,-0.08872628957033157,0,0.03866236284375191,0.8855665922164917,0.46289971470832825,0,0.07991210371255875,-0.46450281143188477,0.8819590210914612,0,0,0.14872199296951294,0,1
B48,mixamorig_RightToe_End,47,1,0,0,0,0,1,0,0,0,0,1,0,0,0.07783599942922592,0,1
@40,0,1,2,3,4,5,7,8,9,10,11,12,13,15,16,17,19,20,21,23,24,25,26,27,28,29,31,32,33,35,36,37,39,40,41,42,44,45,46,47
K0,0.8885720372200012,0.05323159694671631,0.45563891530036926,0,0.04642059653997421,0.977712094783783,-0.20475253462791443,0,-0.4563831090927124,0.20308847725391388,0.8662968277931213,0,-0.007625999860465527,0.8033509850502014,0.011273999698460102,1,0.9993739724159241,-0.015191073529422283,-0.0319422110915184,0,0.017510928213596344,0.9971310496330261,0.0736478790640831,0,0.03073178604245186,-0.07416112720966339,0.9967730045318604,0,0,0.115557000041008,-0.010862000286579132,1,0.9968380331993103,-0.021782947704195976,-0.0764176994562149,0,0.04573105275630951,0.9437329173088074,0.32753100991249084,0,0.0649833008646965,-0.3299899995326996,0.9417449235916138,0,0,0.13541099429130554,0,1,0.9968380331993103,-0.02178286574780941,-0.0764181911945343,0,0.045731134712696075,0.9437329769134521,0.32753098011016846,0,0.0649837926030159,-0.3299899697303772,0.9417449831962585,0,0,0.15475499629974365,0,1,0.995523989200592,-0.024350835010409355,-0.09131314605474472,0,-0.0006788336322642863,0.96436607837677,-0.2645721137523651,0,0.09450185298919678,0.26344987750053406,0.9600330591201782,0,0,0.17409999668598175,0,1,0.9994940161705017,-0.017044244334101677,0.02687261626124382,0,0.02247675694525242,0.9759100675582886,-0.21701404452323914,0,-0.022526385262608528,0.2175079584121704,0.9757980108261108,0,0,0.08386600017547607,0.014653000049293041,1,0.5546348094940186,-0.7033350467681885,-0.4446339011192322,0,0.7254928350448608,0.14707420766353607,0.6723310351371765,0,-0.4074799120426178,-0.6954769492149353,0.5918371081352234,0,0.07487399876117706,0.15380500257015228,-0.002010999945923686,1,0.7510432004928589,0.3108121454715729,0.5825206637382507,0,-0.6320648193359375,0.5934979915618896,0.4982510805130005,0,-0.19086234271526337,-0.7423987984657288,0.642195999622345,0,0,0.14695900678634644,0,1,0.8861690759658813,0.4630759656429291,0.016288697719573975,0,-0.46330904960632324,0.8849860429763794,0.04631415382027626,0,0.007031698245555162,-0.04858884960412979,0.9987940788269043,0,0,0.3050200045108795,0,1,0.9155978560447693,0.15351589024066925,0.3716353476047516,0,0.10088689625263214,0.8069771528244019,-0.581902801990509,0,-0.3892326354980469,0.5702822208404541,0.7233789563179016,0,0,0.18424899876117706,0,1,0.8162500858306885,0.5645659565925598,-0.1224772185087204,0,-0.5299900770187378,0.8161830306053162,0.23012177646160126,0,0.22988279163837433,-0.12292522937059402,0.9654240012168884,0,-0.03313000127673149,0.09096600115299225,0.013790000230073929,1,0.9893609881401062,-0.08143308013677597,0.12055778503417969,0,0.06256990879774094,0.9862859845161438,0.15272407233715057,0,-0.13134121894836426,-0.1435559242963791,0.9808879494667053,0,-0.0014090000186115503,0.0782179981470108,0,1,0.9562970399856567,0.2918529808521271,0.017842138186097145,0,-0.2918360233306885,0.9564620852470398,-0.0036098696291446686,0,-0.018118862062692642,-0.0017548695905134082,0.9998340010643005,0,-0.005520000122487545,0.05680200085043907,0,1,0.9558379054069519,-0.28283020853996277,-0.0798843502998352,0,0.29173678159713745,0.8802121877670288,0.374321848154068,0,-0.03555434197187424,-0.38109615445137024,0.9238519072532654,0,-0.0290949996560812,0.2116370052099228,-0.002065999899059534,1,0.9999589920043945,-0.008994725532829762,-0.0004931418807245791,0,0.007137274835258722,0.7576848864555359,0.6525810956954956,0,-0.005496141966432333,-0.6525578498840332,0.7577180862426758,0,0.00007400000322377309,0.03825400024652481,0,1,0.9999920129776001,-0.003922000993043184,0.0006289960001595318,0,0.003921998664736748,0.9999920129776001,0.0000032334735351469135,0,-0.0006290040910243988,0,1,0,0.000037999998312443495,0.043081000447273254,0,1,0.9465090036392212,-0.3204258978366852,0.03804090991616249,0,0.26867610216140747,0.8479028940200806,0.45702609419822693,0,-0.1786980926990509,-0.4223588705062866,0.8886390328407288,0,0.0290949996560812,0.20932500064373016,-0.0017180000431835651,1,0.9978139400482178,0.05928020551800728,0.029196366667747498,0,-0.06199278682470322,0.6867901086807251,0.7242069244384766,0,0.02287936955690384,-0.7244340777397156,0.6889639496803284,0,0.00007699999696342275,0.04418199881911278,0,1,0.9999969601631165,0.0025569999124854803,-0.00007700000423938036,0,-0.0025569999124854803,0.9999969601631165,0,0,0.00007699998241150752,0,1,0,-0.00007599999662488699,0.039101000875234604,0,1,0.6409496665000916,0.5643751621246338,0.5202541351318359,0,-0.6125018000602722,-0.0324527733027935,0.789803147315979,0,0.4626290798187256,-0.8248807787895203,0.3248802423477173,0,-0.07487399876117706,0.15378600358963013,-0.0018060000147670507,1,0.5692861080169678,-0.8184079527854919,-0.07824584096670151,0,0.8220731019973755,0.5678648352622986,0.04153173044323921,0,0.010443161241710186,-0.08796725422143936,0.9960689544677734,0,0,0.14695900678634644,0,1,0.95579993724823,-0.2938891351222992,-0.008675259537994862,0,0.29401683807373047,0.955344021320343,0.02951492927968502,0,-0.00038625995512120426,-0.03076106496155262,0.9995269179344177,0,0,0.30505499243736267,0,1,0.7126772403717041,-0.04196596145629883,-0.7002357840538025,0,-0.34772998094558716,0.8458037972450256,-0.40459826588630676,0,0.6092411875724792,0.5318407416343689,0.5881919860839844,0,0,0.18424899876117706,0,1,0.7396520972251892,-0.454466849565506,0.4963619112968445,0,0.240397110581398,0.8673071265220642,0.43587568402290344,0,-0.6285890936851501,-0.20307230949401855,0.7507577538490295,0,0.032903000712394714,0.09380000084638596,0.018118999898433685,1,0.9999730587005615,0.003935987129807472,-0.006257953587919474,0,-0.004113012459129095,0.9995840191841125,-0.02853202074766159,0,0.006143047008663416,0.028556982055306435,0.9995729923248291,0,0.0038660001009702682,0.08074100315570831,0,1,0.9879100322723389,-0.15390460193157196,-0.01861981488764286,0,0.15388138592243195,0.988085925579071,-0.002684851409867406,0,0.018811184912919998,-0.0002128514024661854,0.9998229742050171,0,0.000598000013269484,0.05323699861764908,0,1,0.9989759922027588,-0.04518101364374161,0.002160140313208103,0,0.04363898187875748,0.9752450585365295,0.2167765349149704,0,-0.011900858953595161,-0.2164604514837265,0.9762188792228699,0,0.024845000356435776,0.21531400084495544,-0.002767999889329076,1,0.9999500513076782,0.009993942454457283,0.000529748504050076,0,-0.009468059055507183,0.927527129650116,0.3736369013786316,0,0.0032427485566586256,-0.3736231029033661,0.9275749325752258,0,0.000009999999747378752,0.041916001588106155,0,1,0.9999809861183167,0.006155000533908606,0.00011300000187475234,0,-0.006155000533908606,0.9999809861183167,0,0,-0.00011300000915070996,0,1,0,-0.00007999999797903001,0.03949600085616112,0,1,0.9964720010757446,-0.00927997101098299,-0.08341710269451141,0,0.05007702857255936,0.863322913646698,0.5021600127220154,0,0.06735588610172272,-0.5045658349990845,0.8607420325279236,0,-0.024845000356435776,0.2111939936876297,-0.0017819999484345317,1,0.9920420050621033,-0.07982558012008667,-0.09736600518226624,0,0.08672240376472473,-0.1274077594280243,0.9880519509315491,0,-0.09127701073884964,-0.9886329174041748,-0.11947118490934372,0,0.00007599999662488699,0.03627699986100197,0,1,0.9999930262565613,-0.003703000023961067,0.00022499811893794686,0,0.0037029997911304235,0.9999930262565613,0.000001416588929714635,0,-0.00022500185878016055,0,1,0,-0.000003000000106112566,0.04137500002980232,0,1,-0.8917830586433411,-0.23228786885738373,0.38828378915786743,0,0.3560570776462555,-0.8897978663444519,0.2854521572589874,0,0.2791872024536133,0.3928128778934479,0.8762150406837463,0,0.08867000043392181,-0.06413000077009201,-0.02200300060212612,1,0.9966740012168884,-0.08123508840799332,0.006459323689341545,0,0.07027589529752731,0.8166689276695251,-0.5728119611740112,0,0.04125732555985451,0.5713610053062439,0.8196619153022766,0,0,0.3963479995727539,0,1,0.980201005935669,-0.11164911091327667,0.16352598369121552,0,-0.07626011222600937,0.5492870807647705,0.8321468830108643,0,-0.1827310174703598,-0.8281410336494446,0.5298969149589539,0,0,0.3364959955215454,0,1,0.9960989952087402,0.00019098933262284845,0.08824099600315094,0,-0.04112701117992401,0.8857482075691223,0.46234074234962463,0,-0.07807100564241409,-0.4641662836074829,0.882300853729248,0,0,0.1492290049791336,0,1,-0.913560152053833,0.38175663352012634,-0.1402481198310852,0,-0.38952237367630005,-0.9204678535461426,0.03178221359848976,0,-0.11696087568998337,0.08366478979587555,0.9896060228347778,0,-0.08867000043392181,-0.06413000077009201,-0.02048099972307682,1,0.9966449737548828,0.07615900784730911,-0.029973836615681648,0,-0.0721529871225357,0.6447083353996277,-0.7610155940055847,0,-0.038633834570646286,0.760625422000885,0.6480406522750854,0,0,0.3963190019130707,0,1,0.9498289823532104,0.03791137784719467,0.31046196818351746,0,-0.30849865078926086,-0.04989441856741905,0.9499151110649109,0,0.051502954214811325,-0.9980350732803345,-0.035695597529411316,0,0,0.3364500105381012,0,1,0.9957699179649353,0.0008101844578050077,-0.09188207238912582,0,0.04199618101119995,0.8853940963745117,0.4629397690296173,0,0.08172692358493805,-0.46484023332595825,0.8816148638725281,0,0,0.14872199296951294,0,1
K0.033,0.8887419700622559,0.05296193063259125,0.4553380310535431,0,0.046580929309129715,0.977728009223938,-0.20464091002941132,0,-0.45603498816490173,0.2030830681324005,0.8664810061454773,0,-0.007671000435948372,0.8033689856529236,0.011328999884426594,1,0.9993739724159241,-0.01520689856261015,-0.031954895704984665,0,0.01752610318362713,0.9971339702606201,0.07359801977872849,0,0.03074410930275917,-0.07411197572946548,0.9967760443687439,0,0,0.115557000041008,-0.010862000286579132,1,0.9968340396881104,-0.02182196080684662,-0.07645592838525772,0,0.04577404260635376,0.9437639713287354,0.3274349570274353,0,0.06501108407974243,-0.32989799976348877,0.9417749643325806,0,0,0.13541099429130554,0,1,0.9968340396881104,-0.02182196080684662,-0.07645592838525772,0,0.04577404260635376,0.9437639713287354,0.3274349570274353,0,0.06501108407974243,-0.32989799976348877,0.9417749643325806,0,0,0.15475499629974365,0,1,0.9955150485038757,-0.024941900745034218,-0.09125185012817383,0,-0.00006987575034145266,0.9644219875335693,-0.26436811685562134,0,0.094599150121212,0.2631888687610626,0.9600949883460999,0,0,0.17409999668598175,0,1,0.9994990229606628,-0.016755204647779465,0.026851775124669075,0,0.022191783413290977,0.9758989810943604,-0.2170909196138382,0,-0.02256721630692482,0.21757805347442627,0.9757819175720215,0,0,0.08386600017547607,0.014653000049293041,1,0.5546260476112366,-0.7033652067184448,-0.4445977210998535,0,0.7253649830818176,0.1468781977891922,0.6725119352340698,0,-0.40771976113319397,-0.6954882144927979,0.5916589498519897,0,0.07487399876117706,0.15380500257015228,-0.002010999945923686,1,0.7535141706466675,0.3078960180282593,0.580875813961029,0,-0.6288459897041321,0.5952560901641846,0.5002228617668152,0,-0.19175316393375397,-0.7422060966491699,0.6421527862548828,0,0,0.14695900678634644,0,1,0.882434070110321,0.4701409339904785,0.01667921431362629,0,-0.47037816047668457,0.8812118768692017,0.04699895530939102,0,0.007398215122520924,-0.04931905120611191,0.9987560510635376,0,0,0.3050200045108795,0,1,0.9152998924255371,0.14378321170806885,0.3762332797050476,0,0.11153925955295563,0.8070920705795288,-0.5797948837280273,0,-0.3870197832584381,0.5726511478424072,0.722693920135498,0,0,0.18424899876117706,0,1,0.8178620338439941,0.5637637972831726,-0.11519989371299744,0,-0.5302671194076538,0.8161699175834656,0.22952882945537567,0,0.22342278063297272,-0.12663622200489044,0.9664599895477295,0,-0.03313000127673149,0.09096600115299225,0.013790000230073929,1,0.9893620014190674,-0.08143442124128342,0.1205449253320694,0,0.06257257610559464,0.9862849712371826,0.15272821485996246,0,-0.13132905960083008,-0.1435607671737671,0.9808890223503113,0,-0.0014090000186115503,0.0782179981470108,0,1,0.956296980381012,0.291853129863739,0.017842138186097145,0,-0.29183587431907654,0.9564610123634338,-0.0036098691634833813,0,-0.018118862062692642,-0.0017548691248521209,0.9998340010643005,0,-0.005520000122487545,0.05680200085043907,0,1,0.9560869336128235,-0.2821313440799713,-0.07937389612197876,0,0.29092663526535034,0.8807822465896606,0.3736096918582916,0,-0.03549589589238167,-0.3802953362464905,0.9241839647293091,0,-0.0290949996560812,0.2116370052099228,-0.002065999899059534,1,0.9999589920043945,-0.008995813317596912,-0.00048400796367786825,0,0.007131187245249748,0.7575721740722656,0.652711808681488,0,-0.005505007226020098,-0.6526890993118286,0.7576058506965637,0,0.00007400000322377309,0.03825400024652481,0,1,0.9999920129776001,-0.003922000993043184,0.0006299960077740252,0,0.003921998664736748,0.9999920129776001,0.0000032354346330976114,0,-0.0006300040986388922,0,1,0,0.000037999998312443495,0.043081000447273254,0,1,0.9466869831085205,-0.3198489546775818,0.038475893437862396,0,0.2681330740451813,0.8485009670257568,0.45623496174812317,0,-0.1785731017589569,-0.42159503698349,0.889026939868927,0,0.0290949996560812,0.20932500064373016,-0.0017180000431835651,1,0.9978139996528625,0.05928216502070427,0.029198117554187775,0,-0.06199483200907707,0.6867719888687134,0.7242239713668823,0,0.022881116718053818,-0.7244510054588318,0.688946008682251,0,0.00007699999696342275,0.04418199881911278,0,1,0.9999969601631165,0.0025579999200999737,-0.00007700000423938036,0,-0.0025579999200999737,0.9999969601631165,0,0,0.00007699998241150752,0,1,0,-0.00007599999662488699,0.039101000875234604,0,1,0.6409635543823242,0.5643524527549744,0.5202619433403015,0,-0.6125443577766418,-0.03237343952059746,0.789772629737854,0,0.46255290508270264,-0.8248990774154663,0.3249408006668091,0,-0.07487399876117706,0.15378600358963013,-0.0018060000147670507,1,0.5702712535858154,-0.8171578645706177,-0.08392277359962463,0,0.8213580846786499,0.5687998533248901,0.04286801442503929,0,0.012705334462225437,-0.09337709844112396,0.9955499768257141,0,0,0.14695900678634644,0,1,0.9547489881515503,-0.29728394746780396,-0.008781232871115208,0,0.29741308093070984,0.9542819857597351,0.02985362894833088,0,-0.0004952324088662863,-0.031114377081394196,0.999515950679779,0,0,0.30505499243736267,0,1,0.7164634466171265,-0.031968798488378525,-0.6968916058540344,0,-0.3519688546657562,0.8459258675575256,-0.4006592035293579,0,0.6023272275924683,0.5323418378829956,0.5948229432106018,0,0,0.18424899876117706,0,1,0.7423960566520691,-0.4513731002807617,0.49508580565452576,0,0.23791885375976562,0.8684341311454773,0.43499085307121277,0,-0.6262921690940857,-0.20514512062072754,0.7521117925643921,0,0.032903000712394714,0.09380000084638596,0.018118999898433685,1,0.9999679923057556,0.004829002544283867,-0.006323992740362883,0,-0.005007016938179731,0.9995830059051514,-0.028442123904824257,0,0.006184007506817579,0.02847287431359291,0.9995750188827515,0,0.0038660001009702682,0.08074100315570831,0,1,0.9879099726676941,-0.15390408039093018,-0.01861981302499771,0,0.15388090908527374,0.9880859851837158,-0.0026848469860851765,0,0.018811186775565147,-0.00021284692047629505,0.9998229742050171,0,0.000598000013269484,0.05323699861764908,0,1,0.9989920258522034,-0.04481268301606178,0.0025191938038915396,0,0.043220315128564835,0.975596010684967,0.2152758538722992,0,-0.01210481021553278,-0.2149500846862793,0.9765499234199524,0,0.024845000356435776,0.21531400084495544,-0.002767999889329076,1,0.9999500513076782,0.009995088912546635,0.0005297863390296698,0,-0.009468911215662956,0.9275011420249939,0.37369972467422485,0,0.003243786282837391,-0.3736862540245056,0.9275498986244202,0,0.000009999999747378752,0.041916001588106155,0,1,0.9999809861183167,0.006155000533908606,0.00011299845209578052,0,-0.006155000533908606,0.9999809861183167,0,0,-0.00011300153710180894,0,1,0,-0.00007999999797903001,0.03949600085616112,0,1,0.9965709447860718,-0.008208856917917728,-0.08233998715877533,0,0.04841111972928047,0.8648411631584167,0.4997056722640991,0,0.06710898876190186,-0.5019782185554504,0.8622728586196899,0,-0.024845000356435776,0.2111939936876297,-0.0017819999484345317,1,0.9920420050621033,-0.07982563972473145,-0.09736621379852295,0,0.08672136068344116,-0.12742091715335846,0.9880499839782715,0,-0.09127821773290634,-0.988631010055542,-0.11948434263467789,0,0.00007599999662488699,0.03627699986100197,0,1,0.9999930262565613,-0.003703000023961067,0.00022499811893794686,0,0.0037029997911304235,0.9999930262565613,0.000001416588929714635,0,-0.00022500185878016055,0,1,0,-0.000003000000106112566,0.04137500002980232,0,1,-0.8917391300201416,-0.23245787620544434,0.3882840871810913,0,0.35624516010284424,-0.8897039890289307,0.2855100631713867,0,0.27908891439437866,0.392924964427948,0.8761960864067078,0,0.08867000043392181,-0.06413000077009201,-0.02200300060212612,1,0.9966740012168884,-0.08124309778213501,0.006440766621381044,0,0.07027490437030792,0.816711962223053,-0.572750985622406,0,0.041271768510341644,0.5712980031967163,0.819703996181488,0,0,0.3963479995727539,0,1,0.9802190065383911,-0.1117168739438057,0.16336898505687714,0,-0.07608786970376968,0.5492968559265137,0.8321561217308044,0,-0.18270400166511536,-0.8281258940696716,0.5299311280250549,0,0,0.3364959955215454,0,1,0.9961140155792236,0.00021934231335762888,0.08807095140218735,0,-0.041071657091379166,0.8857569694519043,0.4623291492462158,0,-0.07790805399417877,-0.4641498625278473,0.8823240995407104,0,0,0.1492290049791336,0,1,-0.9137099385261536,0.38141876459121704,-0.14019401371479034,0,-0.3891432285308838,-0.9206387996673584,0.03149300813674927,0,-0.1170559749007225,0.08333098143339157,0.9896230101585388,0,-0.08867000043392181,-0.06413000077009201,-0.02048099972307682,1,0.9966459274291992,0.07614714652299881,-0.029972288757562637,0,-0.07215084135532379,0.6448411345481873,-0.7609040141105652,0,-0.03861328959465027,0.7605140209197998,0.6481720209121704,0,0,0.3963190019130707,0,1,0.9499419927597046,0.03814833611249924,0.3100901246070862,0,-0.3081216514110565,-0.04982301965355873,0.9500410556793213,0,0.051692113280296326,-0.9980289340019226,-0.03557463362812996,0,0,0.3364500105381012,0,1,0.9957649111747742,0.0008198163122870028,-0.09193501621484756,0,0.04201281815767288,0.8853920698165894,0.4629438519477844,0,0.08177797496318817,-0.4648451507091522,0.881606936454773,0,0,0.14872199296951294,0,1
K0.067,0.8889749050140381,0.05283911153674126,0.4548962414264679,0,0.04661010950803757,0.9777239561080933,-0.20465607941150665,0,-0.45557674765586853,0.2031368762254715,0.8667091727256775,0,-0.0077129993587732315,0.8033750057220459,0.011346999555826187,1,0.9993749856948853,-0.015214972198009491,-0.03191900998353958,0,0.017531026154756546,0.9971350431442261,0.0735827311873436,0,0.030707988888025284,-0.07409627735614777,0.9967780113220215,0,0,0.115557000041008,-0.010862000286579132,1,0.9968379735946655,-0.021853385493159294,-0.07639824599027634,0,0.04578261077404022,0.9437738656997681,0.32740530371665955,0,0.06494775414466858,-0.32986772060394287,0.9417901039123535,0,0,0.13541099429130554,0,1,0.9968379735946655,-0.02185330167412758,-0.07639874517917633,0,0.04578269273042679,0.9437738656997681,0.32740527391433716,0,0.06494825333356857,-0.32986772060394287,0.9417900443077087,0,0,0.15475499629974365,0,1,0.9954660534858704,-0.02621811255812645,-0.0914376974105835,0,0.0011478662490844727,0.9645059704780579,-0.26405808329582214,0,0.0951152965426445,0.2627558708190918,0.9601629376411438,0,0,0.17409999668598175,0,1,0.999517023563385,-0.016323009505867958,0.026427777484059334,0,0.021682996302843094,0.9758570194244385,-0.2173319309949875,0,-0.0222422294318676,0.2178000807762146,0.9757400751113892,0,0,0.08386600017547607,0.014653000049293041,1,0.5546091198921204,-0.7034139037132263,-0.4445420205593109,0,0.7251661419868469,0.14656835794448853,0.6727946996688843,0,-0.4080970287322998,-0.6955043077468872,0.5913795828819275,0,0.07487399876117706,0.15380500257015228,-0.002010999945923686,1,0.7547441124916077,0.30539754033088684,0.5805980563163757,0,-0.627102255821228,0.5957379937171936,0.5018355846405029,0,-0.19262482225894928,-0.7428512573242188,0.6411447525024414,0,0,0.14695900678634644,0,1,0.8807568550109863,0.47326818108558655,0.0168540608137846,0,-0.47350773215293884,0.8795181512832642,0.047304071485996246,0,0.00756406132131815,-0.049643922597169876,0.9987379908561707,0,0,0.3050200045108795,0,1,0.9137689471244812,0.14246195554733276,0.380435973405838,0,0.11555291712284088,0.8066558837890625,-0.5796151757240295,0,-0.3894539773464203,0.5735948085784912,0.720635175704956,0,0,0.18424899876117706,0,1,0.822052001953125,0.5610349774360657,-0.0973123237490654,0,-0.5301470160484314,0.8164690136909485,0.22874023020267487,0,0.2077839970588684,-0.13644668459892273,0.9686120748519897,0,-0.03313000127673149,0.09096600115299225,0.013790000230073929,1,0.9893590211868286,-0.0814342275261879,0.12057143449783325,0,0.0625697672367096,0.9862870573997498,0.15271912515163422,0,-0.13135457038879395,-0.14354988932609558,0.9808870553970337,0,-0.0014090000186115503,0.0782179981470108,0,1,0.956296980381012,0.291853129863739,0.017841637134552002,0,-0.29183587431907654,0.9564610123634338,-0.0036097944248467684,0,-0.0181183610111475,-0.0017547945026308298,0.9998340010643005,0,-0.005520000122487545,0.05680200085043907,0,1,0.9562489986419678,-0.2816789448261261,-0.07901798188686371,0,0.29039499163627625,0.8811771273612976,0.3730906546115875,0,-0.035462986677885056,-0.37971433997154236,0.9244238138198853,0,-0.0290949996560812,0.2116370052099228,-0.002065999899059534,1,0.9999589920043945,-0.008995124138891697,-0.0004895929014310241,0,0.0071348752826452255,0.7576391100883484,0.6526338458061218,0,-0.005499592516571283,-0.6526111364364624,0.7576728463172913,0,0.00007400000322377309,0.03825400024652481,0,1,0.9999920129776001,-0.003922000993043184,0.0006289960001595318,0,0.003921998664736748,0.9999920129776001,0.0000032334735351469135,0,-0.0006290040910243988,0,1,0,0.000037999998312443495,0.043081000447273254,0,1,0.9469189643859863,-0.3191080093383789,0.03891991451382637,0,0.26736992597579956,0.8489819169044495,0.45578911900520325,0,-0.178488090634346,-0.42118892073631287,0.8892360329627991,0,0.0290949996560812,0.20932500064373016,-0.0017180000431835651,1,0.9978190064430237,0.059220973402261734,0.029139596968889236,0,-0.06193002685904503,0.6874020099639893,0.7236319184303284,0,0.022823596373200417,-0.7238590121269226,0.6895710229873657,0,0.00007699999696342275,0.04418199881911278,0,1,0.9999969601631165,0.0025579999200999737,-0.00007700000423938036,0,-0.0025579999200999737,0.9999969601631165,0,0,0.00007699998241150752,0,1,0,-0.00007599999662488699,0.039101000875234604,0,1,0.6409148573875427,0.5643291473388672,0.5203469395637512,0,-0.612841010093689,-0.032010842114686966,0.7895570397377014,0,0.462226927280426,-0.8249291181564331,0.32532793283462524,0,-0.07487399876117706,0.15378600358963013,-0.0018060000147670507,1,0.5714009404182434,-0.815500020980835,-0.09198424220085144,0,0.8205209374427795,0.5698390603065491,0.04503684863448143,0,0.01568865031003952,-0.10120905190706253,0.9947410225868225,0,0,0.14695900678634644,0,1,0.9538720846176147,-0.3000827133655548,-0.008870890364050865,0,0.30021318793296814,0.9533960223197937,0.030132897198200226,0,-0.0005848912405781448,-0.03140610083937645,0.9995070099830627,0,0,0.30505499243736267,0,1,0.7251420021057129,-0.025672025978565216,-0.6881210207939148,0,-0.35075798630714417,0.846173882484436,-0.4011973738670349,0,0.5925691723823547,0.5322886109352112,0.6045911312103271,0,0,0.18424899876117706,0,1,0.7451138496398926,-0.44854098558425903,0.4935752749443054,0,0.235335111618042,0.8692830204963684,0.4347008764743805,0,-0.6240376830101013,-0.20774605870246887,0.7532722353935242,0,0.032903000712394714,0.09380000084638596,0.018118999898433685,1,0.9999629855155945,0.005749998614192009,-0.006390844937413931,0,-0.00592898391187191,0.9995799660682678,-0.028350066393613815,0,0.006225153803825378,0.028386931866407394,0.9995779991149902,0,0.0038660001009702682,0.08074100315570831,0,1,0.9879100322723389,-0.15390460193157196,-0.01861981488764286,0,0.15388138592243195,0.988085925579071,-0.002684851409867406,0,0.018811184912919998,-0.0002128514024661854,0.9998229742050171,0,0.000598000013269484,0.05323699861764908,0,1,0.9989889860153198,-0.04486967623233795,0.002733927685767412,0,0.04324532672762871,0.9758660197257996,0.21404482424259186,0,-0.012272069230675697,-0.213710218667984,0.9768199324607849,0,0.024845000356435776,0.21531400084495544,-0.002767999889329076,1,0.9999499917030334,0.00999691803008318,0.0005300719640217721,0,-0.009470080956816673,0.9274280667304993,0.3738829493522644,0,0.003246071981266141,-0.3738690912723541,0.9274759292602539,0,0.000009999999747378752,0.041916001588106155,0,1,0.9999809861183167,0.006155000533908606,0.0001120000088121742,0,-0.006155000533908606,0.9999809861183167,0,0,-0.00011200001608813182,0,1,0,-0.00007999999797903001,0.03949600085616112,0,1,0.9966499209403992,-0.007471781689673662,-0.0814480111002922,0,0.04712124168872833,0.8663990497589111,0.49712494015693665,0,0.06685201078653336,-0.49929705262184143,0.8638479113578796,0,-0.024845000356435776,0.2111939936876297,-0.0017819999484345317,1,0.9920420050621033,-0.07982558012008667,-0.09736544638872147,0,0.08672243356704712,-0.12740184366703033,0.9880530834197998,0,-0.09127645194530487,-0.9886340498924255,-0.11946532875299454,0,0.00007599999662488699,0.03627699986100197,0,1,0.9999930262565613,-0.003703000023961067,0.00022499811893794686,0,0.0037029997911304235,0.9999930262565613,0.000001416588929714635,0,-0.00022500185878016055,0,1,0,-0.000003000000106112566,0.04137500002980232,0,1,-0.8917209506034851,-0.2324211597442627,0.38834893703460693,0,0.35627585649490356,-0.889653205871582,0.28563085198402405,0,0.27910906076431274,0.39306214451789856,0.8761279582977295,0,0.08867000043392181,-0.06413000077009201,-0.02200300060212612,1,0.9966739416122437,-0.08124217391014099,0.006436063442379236,0,0.07027383148670197,0.8167449831962585,-0.572704017162323,0,0.041271064430475235,0.5712510347366333,0.8197369575500488,0,0,0.3963479995727539,0,1,0.9803169369697571,-0.11143340170383453,0.16297779977321625,0,-0.07588040083646774,0.5494299530982971,0.832086980342865,0,-0.1822671890258789,-0.8280759453773499,0.5301599502563477,0,0,0.3364959955215454,0,1,0.9961169958114624,0.00022464754874818027,0.0880371555685997,0,-0.04106035456061363,0.8857591152191162,0.46232670545578003,0,-0.07787585258483887,-0.46414631605148315,0.8823288679122925,0,0,0.1492290049791336,0,1,-0.9137347936630249,0.38129499554634094,-0.1403651386499405,0,-0.3889959454536438,-0.920711874961853,0.031178047880530357,0,-0.1173478439450264,0.08308995515108109,0.9896090030670166,0,-0.08867000043392181,-0.06413000077009201,-0.02048099972307682,1,0.996645987033844,0.07613955438137054,-0.029975950717926025,0,-0.07215043902397156,0.6448750495910645,-0.7608749270439148,0,-0.03860194981098175,0.7604860067367554,0.6482059359550476,0,0,0.3963190019130707,0,1,0.9499750137329102,0.038250114768743515,0.3099740743637085,0,-0.30800095200538635,-0.04984736815094948,0.950079083442688,0,0.051792025566101074,-0.998024046421051,-0.03557270020246506,0,0,0.3364500105381012,0,1,0.9957349300384521,0.0008730074041523039,-0.09225582331418991,0,0.04211801290512085,0.8853750824928284,0.46296602487564087,0,0.08208516985177994,-0.46487703919410706,0.8815620541572571,0,0,0.14872199296951294,0,1
