0.800,30,23,49
B0,mixamorig_Hips,-1,0.8885720372200012,0.05323171243071556,0.4556388854980469,0,0.046420518308877945,0.977712094783783,-0.20475265383720398,0,-0.4563831090927124,0.20308853685855865,0.8662968277931213,0,-0.007625999860465527,0.8033509850502014,0.011273999698460102,1
B1,mixamorig_Spine,0,0.9993739724159241,-0.015191062353551388,-0.0319422110915184,0,0.01751091703772545,0.9971310496330261,0.0736478790640831,0,0.03073178604245186,-0.07416112720966339,0.9967730045318604,0,0,0.115557000041008,-0.010862000286579132,1
B2,mixamorig_Spine1,1,0.9968380331993103,-0.021782997995615005,-0.07641769200563431,0,0.04573109745979309,0.9437329173088074,0.32753098011016846,0,0.06498327851295471,-0.3299899697303772,0.9417449235916138,0,0,0.13541099429130554,0,1
B3,mixamorig_Spine2,2,0.9968380331993103,-0.021782835945487022,-0.07641816139221191,0,0.04573110118508339,0.9437329769134521,0.32753098011016846,0,0.0649837777018547,-0.3299899697303772,0.9417449831962585,0,0,0.15475499629974365,0,1
B4,mixamorig_Neck,3,0.995523989200592,-0.024350851774215698,-0.09131316840648651,0,-0.0006788218743167818,0.96436607837677,-0.2645721137523651,0,0.09450187534093857,0.26344987750053406,0.9600330591201782,0,0,0.17409999668598175,0,1
B5,mixamorig_Head,4,0.9994940161705017,-0.01704428158700466,0.026872647926211357,0,0.02247679978609085,0.9759100675582886,-0.21701404452323914,0,-0.02252640761435032,0.2175079584121704,0.9757980108261108,0,0,0.08386600017547607,0.014653000049293041,1
B6,mixamorig_HeadTop_End,5,1,0,0,0,0,1,0,0,0,0,1,0,0,0.264737993478775,0.046254001557826996,1
B7,mixamorig_LeftShoulder,3,0.5546348094940186,-0.7033350467681885,-0.44463402032852173,0,0.7254928946495056,0.14707408845424652,0.6723310947418213,0,-0.4074798822402954,-0.6954771280288696,0.5918369889259338,0,0.07487399876117706,0.15380500257015228,-0.002010999945923686,1
B8,mixamorig_LeftArm,7,0.7510430812835693,0.3108122646808624,0.5825208425521851,0,-0.6320649981498718,0.5934978723526001,0.4982510805130005,0,-0.19086234271526337,-0.7423989176750183,0.6421959400177002,0,0,0.14695900678634644,0,1
B9,mixamorig_LeftForeArm,8,0.8861690759658813,0.4630759656429291,0.016288748010993004,0,-0.46330907940864563,0.8849859833717346,0.046314213424921036,0,0.007031682413071394,-0.04858892783522606,0.9987940192222595,0,0,0.3050200045108795,0,1
B10,mixamorig_LeftHand,9,0.9155978560447693,0.15351602435112,0.3716352880001068,0,0.1008867472410202,0.8069771528244019,-0.5819028615951538,0,-0.38923266530036926,0.5702822208404541,0.7233790159225464,0,0,0.18424899876117706,0,1
B11,mixamorig_LeftHandThumb1,10,0.8162500262260437,0.5645660161972046,-0.12247726321220398,0,-0.5299901366233826,0.8161829710006714,0.23012185096740723,0,0.2298828810453415,-0.12292525917291641,0.9654240012168884,0,-0.03313000127673149,0.09096600115299225,0.013790000230073929,1
B12,mixamorig_LeftHandThumb2,11,0.9893609881401062,-0.08143305778503418,0.12055777758359909,0,0.06256988644599915,0.9862859845161438,0.15272405743598938,0,-0.13134120404720306,-0.1435559093952179,0.9808879494667053,0,-0.0014090000186115503,0.0782179981470108,0,1
B13,mixamorig_LeftHandThumb3,12,0.9562970399856567,0.2918529808521271,0.01784215308725834,0,-0.2918360233306885,0.9564620852470398,-0.0036098924465477467,0,-0.018118882551789284,-0.0017548517789691687,0.9998340010643005,0,-0.005520000122487545,0.05680200085043907,0,1
B14,mixamorig_LeftHandThumb4,13,1,0,0,0,0,1,0,0,0,0,1,0,0.006930000148713589,0.0340690016746521,0,1
B15,mixamorig_LeftHandIndex1,10,0.9558379054069519,-0.282830148935318,-0.0798843502998352,0,0.2917367219924927,0.8802121877670288,0.3743218183517456,0,-0.03555430471897125,-0.38109612464904785,0.9238519668579102,0,-0.0290949996560812,0.2116370052099228,-0.002065999899059534,1
B16,mixamorig_LeftHandIndex2,15,0.9999589920043945,-0.008994711562991142,-0.0004930350696668029,0,0.007137194741517305,0.7576848864555359,0.6525810956954956,0,-0.005496213678270578,-0.6525578498840332,0.7577180862426758,0,0.00007400000322377309,0.03825400024652481,0,1
B17,mixamorig_LeftHandIndex3,16,0.9999920129776001,-0.00392200006172061,0.0006289954180829227,0,0.003921997733414173,0.9999920129776001,0.000003233463530705194,0,-0.0006290035089477897,-7.66519235639862e-7,1,0,0.000037999998312443495,0.043081000447273254,0,1
B18,mixamorig_LeftHandIndex4,17,1,0,0,0,0,1,0,0,0,0,1,0,-0.00011200000153621659,0.025474999099969864,0,1
B19,mixamorig_LeftHandMiddle1,10,0.9465090036392212,-0.3204258680343628,0.038040924817323685,0,0.2686760723590851,0.8479028940200806,0.45702609419822693,0,-0.1786980926990509,-0.4223588705062866,0.8886390328407288,0,0.0290949996560812,0.20932500064373016,-0.0017180000431835651,1
B20,mixamorig_LeftHandMiddle2,19,0.9978139996528625,0.059280045330524445,0.02919638529419899,0,-0.06199268996715546,0.6867901086807251,0.7242069244384766,0,0.022879241034388542,-0.7244340777397156,0.6889639496803284,0,0.00007699999696342275,0.04418199881911278,0,1
B21,mixamorig_LeftHandMiddle3,20,0.9999969601631165,0.002556999446824193,-0.00007699986599618569,0,-0.002556999446824193,0.9999969601631165,9.84444525897743e-8,0,0.00007699984416831285,9.84444028517828e-8,1,0,-0.00007599999662488699,0.039101000875234604,0,1
B22,mixamorig_LeftHandMiddle4,21,1,0,0,0,0,1,0,0,0,0,1,0,0,0.024484999477863312,0,1
B23,mixamorig_RightShoulder,3,0.6409497857093811,0.5643749833106995,0.5202543139457703,0,-0.6125018000602722,-0.03245295211672783,0.7898032665252686,0,0.4626289904117584,-0.8248810172080994,0.3248799741268158,0,-0.07487399876117706,0.15378600358963013,-0.0018060000147670507,1
B24,mixamorig_RightArm,23,0.5692861676216125,-0.8184079527854919,-0.07824576646089554,0,0.8220731019973755,0.5678648948669434,0.04153185337781906,0,0.010443027131259441,-0.08796726167201996,0.9960690140724182,0,0,0.14695900678634644,0,1
B25,mixamorig_RightForeArm,24,0.95579993724823,-0.2938891053199768,-0.008675245568156242,0,0.2940168082714081,0.955344021320343,0.029514893889427185,0,-0.00038626178866252303,-0.030761027708649635,0.9995269179344177,0,0,0.30505499243736267,0,1
B26,mixamorig_RightHand,25,0.7126771211624146,-0.04196585342288017,-0.7002359628677368,0,-0.3477301001548767,0.8458038568496704,-0.4045981466770172,0,0.609241247177124,0.5318407416343689,0.5881919264793396,0,0,0.18424899876117706,0,1
B27,mixamorig_RightHandThumb1,26,0.7396520376205444,-0.45446696877479553,0.4963619112968445,0,0.24039721488952637,0.8673070669174194,0.4358757436275482,0,-0.6285890936851501,-0.20307227969169617,0.7507577538490295,0,0.032903000712394714,0.09380000084638596,0.018118999898433685,1
B28,mixamorig_RightHandThumb2,27,0.9999730587005615,0.003935988061130047,-0.006257953122258186,0,-0.00411301339045167,0.9995840191841125,-0.02853201888501644,0,0.006143046543002129,0.028556980192661285,0.9995729923248291,0,0.0038660001009702682,0.08074100315570831,0,1
B29,mixamorig_RightHandThumb3,28,0.9879100322723389,-0.15390460193157196,-0.018619826063513756,0,0.15388138592243195,0.988085925579071,-0.0026848416309803724,0,0.018811196088790894,-0.00021286282571963966,0.9998229742050171,0,0.000598000013269484,0.05323699861764908,0,1
B30,mixamorig_RightHandThumb4,29,1,0,0,0,0,1,0,0,0,0,1,0,-0.0044639999978244305,0.031168000772595406,0,1
B31,mixamorig_RightHandIndex1,26,0.9989759922027588,-0.0451810322701931,0.0021601461339741945,0,0.04363900050520897,0.9752450585365295,0.2167765349149704,0,-0.011900869198143482,-0.2164604514837265,0.9762188792228699,0,0.024845000356435776,0.21531400084495544,-0.002767999889329076,1
B32,mixamorig_RightHandIndex2,31,0.9999500513076782,0.009993991814553738,0.000529746524989605,0,-0.00946810469031334,0.927527129650116,0.3736369013786316,0,0.0032427688129246235,-0.3736231029033661,0.9275749325752258,0,0.000009999999747378752,0.041916001588106155,0,1
B33,mixamorig_RightHandIndex3,32,0.9999809861183167,0.006154998671263456,0.0001129989032051526,0,-0.006154998671263456,0.9999809861183167,-3.4775732160596817e-7,0,-0.00011299891048111022,-3.4775737844938703e-7,1,0,-0.00007999999797903001,0.03949600085616112,0,1
B34,mixamorig_RightHandIndex4,33,1,0,0,0,0,1,0,0,0,0,1,0,0.00007000000186963007,0.02756199985742569,0,1
B35,mixamorig_RightHandMiddle1,26,0.9964720010757446,-0.009279945865273476,-0.08341709524393082,0,0.05007699877023697,0.863322913646698,0.5021600723266602,0,0.06735589355230331,-0.5045658946037292,0.8607420325279236,0,-0.024845000356435776,0.2111939936876297,-0.0017819999484345317,1
B36,mixamorig_RightHandMiddle2,35,0.9920420050621033,-0.07982581853866577,-0.09736581146717072,0,0.08672218024730682,-0.1274077594280243,0.9880519509315491,0,-0.09127723425626755,-0.9886329174041748,-0.11947118490934372,0,0.00007599999662488699,0.03627699986100197,0,1
B37,mixamorig_RightHandMiddle3,36,0.9999930262565613,-0.0037029993254691362,0.00022499730403069407,0,0.0037029990926384926,0.9999930262565613,0.000001416583586433262,0,-0.00022500104387290776,-5.834089620293526e-7,1,0,-0.000003000000106112566,0.04137500002980232,0,1
B38,mixamorig_RightHandMiddle4,37,1,0,0,0,0,1,0,0,0,0,1,0,-0.00007400000322377309,0.02698099985718727,0,1
B39,mixamorig_LeftUpLeg,0,-0.8917830586433411,-0.2322879582643509,0.3882838487625122,0,0.35605716705322266,-0.8897978663444519,0.28545212745666504,0,0.2791872024536133,0.39281290769577026,0.8762150406837463,0,0.08867000043392181,-0.06413000077009201,-0.02200300060212612,1
B40,mixamorig_LeftLeg,39,0.9966740012168884,-0.08123498409986496,0.006459322292357683,0,0.07027581334114075,0.8166689872741699,-0.5728119611740112,0,0.04125726595520973,0.5713609457015991,0.8196619153022766,0,0,0.3963479995727539,0,1
B41,mixamorig_LeftFoot,40,0.980201005935669,-0.11164908111095428,0.16352593898773193,0,-0.07626008242368698,0.5492870807647705,0.832146942615509,0,-0.18273097276687622,-0.8281410932540894,0.5298969149589539,0,0,0.3364959955215454,0,1
B42,mixamorig_LeftToeBase,41,0.9960989952087402,0.00019098387565463781,0.08824098855257034,0,-0.041127000004053116,0.8857482075691223,0.46234074234962463,0,-0.0780709981918335,-0.4641662836074829,0.882300853729248,0,0,0.1492290049791336,0,1
B43,mixamorig_LeftToe_End,42,1,0,0,0,0,1,0,0,0,0,1,0,0,0.07995100319385529,0,1
B44,mixamorig_RightUpLeg,0,-0.913560152053833,0.38175666332244873,-0.1402481496334076,0,-0.38952237367630005,-0.9204678535461426,0.03178214654326439,0,-0.11696092784404755,0.08366474509239197,0.9896060228347778,0,-0.08867000043392181,-0.06413000077009201,-0.02048099972307682,1
B45,mixamorig_RightLeg,44,0.9966449737548828,0.07615909725427628,-0.029973860830068588,0,-0.07215306162834167,0.6447083950042725,-0.7610155940055847,0,-0.03863387182354927,0.760625422000885,0.6480406522750854,0,0,0.3963190019130707,0,1
B46,mixamorig_RightFoot,45,0.9498289227485657,0.037911128252744675,0.3104621469974518,0,-0.3084988296031952,-0.049894411116838455,0.9499149918556213,0,0.05150274187326431,-0.9980350732803345,-0.03569565340876579,0,0,0.3364500105381012,0,1
B47,mixamorig_RightToeBase,46,0.9957699179649353,0.000810199067927897,-0.09188201278448105,0,0.04199614375829697,0.8853940963745117,0.4629397690296173,0,0.08172687888145447,-0.46484023332595825,0.8816148638725281,0,0,0.14872199296951294,0,1
B48,mixamorig_RightToe_End,47,1,0,0,0,0,1,0,0,0,0,1,0,0,0.07783599942922592,0,1
@40,0,1,2,3,4,5,7,8,9,10,11,12,13,15,16,17,19,20,21,23,24,25,26,27,28,29,31,32,33,35,36,37,39,40,41,42,44,45,46,47
K0,0.8885720372200012,0.05323159694671631,0.45563891530036926,0,0.04642059653997421,0.977712094783783,-0.20475253462791443,0,-0.4563831090927124,0.20308847725391388,0.8662968277931213,0,-0.007625999860465527,0.8033509850502014,0.011273999698460102,1,0.9993739724159241,-0.015191073529422283,-0.0319422110915184,0,0.017510928213596344,0.9971310496330261,0.0736478790640831,0,0.03073178604245186,-0.07416112720966339,0.9967730045318604,0,0,0.115557000041008,-0.010862000286579132,1,0.9968380331993103,-0.021782947704195976,-0.0764176994562149,0,0.04573105275630951,0.9437329173088074,0.32753100991249084,0,0.0649833008646965,-0.3299899995326996,0.9417449235916138,0,0,0.13541099429130554,0,1,0.9968380331993103,-0.02178286574780941,-0.0764181911945343,0,0.045731134712696075,0.9437329769134521,0.32753098011016846,0,0.0649837926030159,-0.3299899697303772,0.9417449831962585,0,0,0.15475499629974365,0,1,0.995523989200592,-0.024350835010409355,-0.09131314605474472,0,-0.0006788336322642863,0.96436607837677,-0.2645721137523651,0,0.09450185298919678,0.26344987750053406,0.9600330591201782,0,0,0.17409999668598175,0,1,0.9994940161705017,-0.017044244334101677,0.02687261626124382,0,0.02247675694525242,0.9759100675582886,-0.21701404452323914,0,-0.022526385262608528,0.2175079584121704,0.9757980108261108,0,0,0.08386600017547607,0.014653000049293041,1,0.5546348094940186,-0.7033350467681885,-0.4446339011192322,0,0.7254928350448608,0.14707420766353607,0.6723310351371765,0,-0.4074799120426178,-0.6954769492149353,0.5918371081352234,0,0.07487399876117706,0.15380500257015228,-0.002010999945923686,1,0.7510432004928589,0.3108121454715729,0.5825206637382507,0,-0.6320648193359375,0.5934979915618896,0.4982510805130005,0,-0.19086234271526337,-0.7423987984657288,0.642195999622345,0,0,0.14695900678634644,0,1,0.8861690759658813,0.4630759656429291,0.016288697719573975,0,-0.46330904960632324,0.8849860429763794,0.04631415382027626,0,0.007031698245555162,-0.04858884960412979,0.9987940788269043,0,0,0.3050200045108795,0,1,0.9155978560447693,0.15351589024066925,0.3716353476047516,0,0.10088689625263214,0.8069771528244019,-0.581902801990509,0,-0.3892326354980469,0.5702822208404541,0.7233789563179016,0,0,0.18424899876117706,0,1,0.8162500858306885,0.5645659565925598,-0.1224772185087204,0,-0.5299900770187378,0.8161830306053162,0.23012177646160126,0,0.22988279163837433,-0.12292522937059402,0.9654240012168884,0,-0.03313000127673149,0.09096600115299225,0.013790000230073929,1,0.9893609881401062,-0.08143308013677597,0.12055778503417969,0,0.06256990879774094,0.9862859845161438,0.15272407233715057,0,-0.13134121894836426,-0.1435559242963791,0.9808879494667053,0,-0.0014090000186115503,0.0782179981470108,0,1,0.9562970399856567,0.2918529808521271,0.017842138186097145,0,-0.2918360233306885,0.9564620852470398,-0.0036098696291446686,0,-0.018118862062692642,-0.0017548695905134082,0.9998340010643005,0,-0.005520000122487545,0.05680200085043907,0,1,0.9558379054069519,-0.28283020853996277,-0.0798843502998352,0,0.29173678159713745,0.8802121877670288,0.374321848154068,0,-0.03555434197187424,-0.38109615445137024,0.9238519072532654,0,-0.0290949996560812,0.2116370052099228,-0.002065999899059534,1,0.9999589920043945,-0.008994725532829762,-0.0004931418807245791,0,0.007137274835258722,0.7576848864555359,0.6525810956954956,0,-0.005496141966432333,-0.6525578498840332,0.7577180862426758,0,0.00007400000322377309,0.03825400024652481,0,1,0.9999920129776001,-0.003922000993043184,0.0006289960001595318,0,0.003921998664736748,0.9999920129776001,0.0000032334735351469135,0,-0.0006290040910243988,0,1,0,0.000037999998312443495,0.043081000447273254,0,1,0.9465090036392212,-0.3204258978366852,0.03804090991616249,0,0.26867610216140747,0.8479028940200806,0.45702609419822693,0,-0.1786980926990509,-0.4223588705062866,0.8886390328407288,0,0.0290949996560812,0.20932500064373016,-0.0017180000431835651,1,0.9978139400482178,0.05928020551800728,0.029196366667747498,0,-0.06199278682470322,0.6867901086807251,0.7242069244384766,0,0.02287936955690384,-0.7244340777397156,0.6889639496803284,0,0.00007699999696342275,0.04418199881911278,0,1,0.9999969601631165,0.0025569999124854803,-0.00007700000423938036,0,-0.0025569999124854803,0.9999969601631165,0,0,0.00007699998241150752,0,1,0,-0.00007599999662488699,0.039101000875234604,0,1,0.6409496665000916,0.5643751621246338,0.5202541351318359,0,-0.6125018000602722,-0.0324527733027935,0.789803147315979,0,0.4626290798187256,-0.8248807787895203,0.3248802423477173,0,-0.07487399876117706,0.15378600358963013,-0.0018060000147670507,1,0.5692861080169678,-0.8184079527854919,-0.07824584096670151,0,0.8220731019973755,0.5678648352622986,0.04153173044323921,0,0.010443161241710186,-0.08796725422143936,0.9960689544677734,0,0,0.14695900678634644,0,1,0.95579993724823,-0.2938891351222992,-0.008675259537994862,0,0.29401683807373047,0.955344021320343,0.02951492927968502,0,-0.00038625995512120426,-0.03076106496155262,0.9995269179344177,0,0,0.30505499243736267,0,1,0.7126772403717041,-0.04196596145629883,-0.7002357840538025,0,-0.34772998094558716,0.8458037972450256,-0.40459826588630676,0,0.6092411875724792,0.5318407416343689,0.5881919860839844,0,0,0.18424899876117706,0,1,0.7396520972251892,-0.454466849565506,0.4963619112968445,0,0.240397110581398,0.8673071265220642,0.43587568402290344,0,-0.6285890936851501,-0.20307230949401855,0.7507577538490295,0,0.032903000712394714,0.09380000084638596,0.018118999898433685,1,0.9999730587005615,0.003935987129807472,-0.006257953587919474,0,-0.004113012459129095,0.9995840191841125,-0.02853202074766159,0,0.006143047008663416,0.028556982055306435,0.9995729923248291,0,0.0038660001009702682,0.08074100315570831,0,1,0.9879100322723389,-0.15390460193157196,-0.01861981488764286,0,0.15388138592243195,0.988085925579071,-0.002684851409867406,0,0.018811184912919998,-0.0002128514024661854,0.9998229742050171,0,0.000598000013269484,0.05323699861764908,0,1,0.9989759922027588,-0.04518101364374161,0.002160140313208103,0,0.04363898187875748,0.9752450585365295,0.2167765349149704,0,-0.011900858953595161,-0.2164604514837265,0.9762188792228699,0,0.024845000356435776,0.21531400084495544,-0.002767999889329076,1,0.9999500513076782,0.009993942454457283,0.000529748504050076,0,-0.009468059055507183,0.927527129650116,0.3736369013786316,0,0.0032427485566586256,-0.3736231029033661,0.9275749325752258,0,0.000009999999747378752,0.041916001588106155,0,1,0.9999809861183167,0.006155000533908606,0.00011300000187475234,0,-0.006155000533908606,0.9999809861183167,0,0,-0.00011300000915070996,0,1,0,-0.00007999999797903001,0.03949600085616112,0,1,0.9964720010757446,-0.00927997101098299,-0.08341710269451141,0,0.05007702857255936,0.863322913646698,0.5021600127220154,0,0.06735588610172272,-0.5045658349990845,0.8607420325279236,0,-0.024845000356435776,0.2111939936876297,-0.0017819999484345317,1,0.9920420050621033,-0.07982558012008667,-0.09736600518226624,0,0.08672240376472473,-0.1274077594280243,0.9880519509315491,0,-0.09127701073884964,-0.9886329174041748,-0.11947118490934372,0,0.00007599999662488699,0.03627699986100197,0,1,0.9999930262565613,-0.003703000023961067,0.00022499811893794686,0,0.0037029997911304235,0.9999930262565613,0.000001416588929714635,0,-0.00022500185878016055,0,1,0,-0.000003000000106112566,0.04137500002980232,0,1,-0.8917830586433411,-0.23228786885738373,0.38828378915786743,0,0.3560570776462555,-0.8897978663444519,0.2854521572589874,0,0.2791872024536133,0.3928128778934479,0.8762150406837463,0,0.08867000043392181,-0.06413000077009201,-0.02200300060212612,1,0.9966740012168884,-0.08123508840799332,0.006459323689341545,0,0.07027589529752731,0.8166689276695251,-0.5728119611740112,0,0.04125732555985451,0.5713610053062439,0.8196619153022766,0,0,0.3963479995727539,0,1,0.980201005935669,-0.11164911091327667,0.16352598369121552,0,-0.07626011222600937,0.5492870807647705,0.8321468830108643,0,-0.1827310174703598,-0.8281410336494446,0.5298969149589539,0,0,0.3364959955215454,0,1,0.9960989952087402,0.00019098933262284845,0.08824099600315094,0,-0.04112701117992401,0.8857482075691223,0.46234074234962463,0,-0.07807100564241409,-0.4641662836074829,0.882300853729248,0,0,0.1492290049791336,0,1,-0.913560152053833,0.38175663352012634,-0.1402481198310852,0,-0.38952237367630005,-0.9204678535461426,0.03178221359848976,0,-0.11696087568998337,0.08366478979587555,0.9896060228347778,0,-0.08867000043392181,-0.06413000077009201,-0.02048099972307682,1,0.9966449737548828,0.07615900784730911,-0.029973836615681648,0,-0.0721529871225357,0.6447083353996277,-0.7610155940055847,0,-0.038633834570646286,0.760625422000885,0.6480406522750854,0,0,0.3963190019130707,0,1,0.9498289823532104,0.03791137784719467,0.31046196818351746,0,-0.30849865078926086,-0.04989441856741905,0.9499151110649109,0,0.051502954214811325,-0.9980350732803345,-0.035695597529411316,0,0,0.3364500105381012,0,1,0.9957699179649353,0.0008101844578050077,-0.09188207238912582,0,0.04199618101119995,0.8853940963745117,0.4629397690296173,0,0.08172692358493805,-0.46484023332595825,0.8816148638725281,0,0,0.14872199296951294,0,1
K0.035,0.8888470530509949,0.05289756506681442,0.45513996481895447,0,0.04660170152783394,0.9777271151542664,-0.20464292168617249,0,-0.45582786202430725,0.2031065821647644,0.8665848970413208,0,-0.007690826430916786,0.8033722639083862,0.011341043747961521,1,0.9993740916252136,-0.015210865996778011,-0.031941913068294525,0,0.017528828233480453,0.9971349835395813,0.07358893752098083,0,0.030731037259101868,-0.07410275191068649,0.9967771172523499,0,0,0.115557000041008,-0.010862000286579132,1,0.996835470199585,-0.021835751831531525,-0.07643488049507141,0,0.04577894136309624,0.9437700510025024,0.3274178206920624,0,0.06498751044273376,-0.32988065481185913,0.9417825937271118,0,0,0.13541099429130554,0,1,0.9968354105949402,-0.02183566987514496,-0.07643534988164902,0,0.045779015868902206,0.9437700510025024,0.32741779088974,0,0.06498797982931137,-0.3298806846141815,0.9417826533317566,0,0,0.15475499629974365,0,1,0.9954953193664551,-0.02549593709409237,-0.09132381528615952,0,0.00046205418766476214,0.9644620418548584,-0.2642233967781067,0,0.09481488168239594,0.26299071311950684,0.9601282477378845,0,0,0.17409999668598175,0,1,0.9995072484016418,-0.01655878871679306,0.026678867638111115,0,0.021964767947793007,0.9758811593055725,-0.21719563007354736,0,-0.02243889681994915,0.21767452359199524,0.9757635593414307,0,0,0.08386600017547607,0.014653000049293041,1,0.5546185970306396,-0.7033872604370117,-0.4445725083351135,0,0.7252769470214844,0.14674116671085358,0.6726375818252563,0,-0.40788736939430237,-0.6954948902130127,0.5915355086326599,0,0.07487399876117706,0.15380500257015228,-0.002010999945923686,1,0.7541502714157104,0.30671828985214233,0.5806731581687927,0,-0.6279599666595459,0.5955467224121094,0.5009893774986267,0,-0.19215534627437592,-0.7424605488777161,0.6417383551597595,0,0,0.14695900678634644,0,1,0.8815526366233826,0.47178855538368225,0.016770822927355766,0,-0.4720269739627838,0.880321741104126,0.04715944826602936,0,0.00748556200414896,-0.04948979243636131,0.9987463355064392,0,0,0.3050200045108795,0,1,0.9146569967269897,0.1427893340587616,0.3781719505786896,0,0.11367930471897125,0.8069176077842712,-0.5796220302581787,0,-0.38791730999946594,0.5731455087661743,0.7218203544616699,0,0,0.18424899876117706,0,1,0.8196570873260498,0.5626515746116638,-0.10763423889875412,0,-0.5302422046661377,0.8162850737571716,0.22917740046977997,0,0.21680717170238495,-0.1307746022939682,0.9674150943756104,0,-0.03313000127673149,0.09096600115299225,0.013790000230073929,1,0.9893606901168823,-0.08143382519483566,0.12055548280477524,0,0.0625709593296051,0.9862859845161438,0.15272462368011475,0,-0.13133913278579712,-0.14355646073818207,0.9808879494667053,0,-0.0014090000186115503,0.0782179981470108,0,1,0.9562970995903015,0.2918536365032196,0.017842212691903114,0,-0.29183629155158997,0.9564609527587891,-0.0036093948874622583,0,-0.018118787556886673,-0.001755351317115128,0.9998340010643005,0,-0.005520000122487545,0.05680200085043907,0,1,0.9561654925346375,-0.281911164522171,-0.07920178771018982,0,0.2906682789325714,0.8809738755226135,0.37335827946662903,0,-0.03547918424010277,-0.38001397252082825,0.9242998957633972,0,-0.0290949996560812,0.2116370052099228,-0.002065999899059534,1,0.9999589920043945,-0.008995247073471546,-0.0004851752601098269,0,0.007131666876375675,0.7575893998146057,0.6526918411254883,0,-0.005503565538674593,-0.6526691317558289,0.7576232552528381,0,0.00007400000322377309,0.03825400024652481,0,1,0.9999920129776001,-0.003922000993043184,0.0006289960001595318,0,0.003921998664736748,0.9999920129776001,0.0000032334735351469135,0,-0.0006290040910243988,0,1,0,0.000037999998312443495,0.043081000447273254,0,1,0.9467929601669312,-0.3195100426673889,0.038683176040649414,0,0.267785906791687,0.8487303853034973,0.45601359009742737,0,-0.17853237688541412,-0.4213913679122925,0.8891316056251526,0,0.0290949996560812,0.20932500064373016,-0.0017180000431835651,1,0.9978164434432983,0.059257619082927704,0.02917415276169777,0,-0.06196851283311844,0.6870255470275879,0.7239866852760315,0,0.022858329117298126,-0.7242134213447571,0.689197301864624,0,0.00007699999696342275,0.04418199881911278,0,1,0.9999969601631165,0.0025579999200999737,-0.00007700003334321082,0,-0.0025579999200999737,0.9999969601631165,0,0,0.00007699995330767706,0,1,0,-0.00007599999662488699,0.039101000875234604,0,1,0.6409416198730469,0.564342737197876,0.5202993154525757,0,-0.612676739692688,-0.032212141901254654,0.7896775007247925,0,0.4624083340167999,-0.824911892414093,0.3251132667064667,0,-0.07487399876117706,0.15378600358963013,-0.0018060000147670507,1,0.5707843899726868,-0.8164297342300415,-0.08744364231824875,0,0.8209807276725769,0.5692717432975769,0.04382934793829918,0,0.01399561669677496,-0.09680668264627457,0.9952048063278198,0,0,0.14695900678634644,0,1,0.9543339014053345,-0.29861336946487427,-0.008823767304420471,0,0.2987430989742279,0.9538624882698059,0.029986396431922913,0,-0.0005376784247346222,-0.031253062188625336,0.9995115995407104,0,0,0.30505499243736267,0,1,0.7201811075210571,-0.028931163251399994,-0.6931824088096619,0,-0.3517008125782013,0.8460134863853455,-0.40070900321006775,0,0.5980347394943237,0.5323759317398071,0.5991079211235046,0,0,0.18424899876117706,0,1,0.743658185005188,-0.45004335045814514,0.4944021999835968,0,0.23671847581863403,0.868843674659729,0.4348275661468506,0,-0.6252498030662537,-0.20632903277873993,0.7526566386222839,0,0.032903000712394714,0.09380000084638596,0.018118999898433685,1,0.9999657869338989,0.005255304742604494,-0.006354345940053463,0,-0.005433756858110428,0.9995818734169006,-0.028399981558322906,0,0.006202437449246645,0.028433535248041153,0.9995760917663574,0,0.0038660001009702682,0.08074100315570831,0,1,0.9879100322723389,-0.15390460193157196,-0.01861979253590107,0,0.15388138592243195,0.988085925579071,-0.0026848497800529003,0,0.018811162561178207,-0.00021284967078827322,0.9998229742050171,0,0.000598000013269484,0.05323699861764908,0,1,0.9989916682243347,-0.04481862857937813,0.0026241601444780827,0,0.043210990726947784,0.9757277965545654,0.21468248963356018,0,-0.012182233855128288,-0.21435251832008362,0.9766800403594971,0,0.024845000356435776,0.21531400084495544,-0.002767999889329076,1,0.9999500513076782,0.009993820451200008,0.0005296769086271524,0,-0.00946791935712099,0.9275271892547607,0.373636394739151,0,0.0032427641563117504,-0.3736225962638855,0.9275750517845154,0,0.000009999999747378752,0.041916001588106155,0,1,0.9999809861183167,0.006155000533908606,0.00011204194743186235,0,-0.006155000533908606,0.9999809861183167,0,0,-0.00011204503243789077,0,1,0,-0.00007999999797903001,0.03949600085616112,0,1,0.996608316898346,-0.007855914533138275,-0.0819224938750267,0,0.04780268296599388,0.8655527830123901,0.49853023886680603,0,0.06699185073375702,-0.5007556676864624,0.8629929423332214,0,-0.024845000356435776,0.2111939936876297,-0.0017819999484345317,1,0.9920420050621033,-0.07982567697763443,-0.09736587852239609,0,0.08672153204679489,-0.12741516530513763,0.9880505800247192,0,-0.09127771109342575,-0.9886316061019897,-0.11947862058877945,0,0.00007599999662488699,0.03627699986100197,0,1,0.9999930262565613,-0.0037040002644062042,0.00022499813348986208,0,0.003703999798744917,0.9999930262565613,0.0000014167014796839794,0,-0.00022500185878016055,0,1,0,-0.000003000000106112566,0.04137500002980232,0,1,-0.8917294144630432,-0.23245283961296082,0.38831162452697754,0,0.35626861453056335,-0.8896785378456116,0.28556159138679504,0,0.27909260988235474,0.3929865062236786,0.8761671781539917,0,0.08867000043392181,-0.06413000077009201,-0.02200300060212612,1,0.9966729879379272,-0.08124282956123352,0.006437638774514198,0,0.07027395069599152,0.8167257905006409,-0.572731077671051,0,0.04127250984311104,0.5712780356407166,0.8197178244590759,0,0,0.3963479995727539,0,1,0.9802605509757996,-0.11160638928413391,0.16319850087165833,0,-0.07599220424890518,0.5493466854095459,0.8321323990821838,0,-0.1825236976146698,-0.8281077146530151,0.5300212502479553,0,0,0.3364959955215454,0,1,0.9961158633232117,0.00022289541084319353,0.08804718405008316,0,-0.04106353968381882,0.8857578039169312,0.462327241897583,0,-0.0778854489326477,-0.46414715051651,0.8823267221450806,0,0,0.1492290049791336,0,1,-0.9137275815010071,0.3813502788543701,-0.14026027917861938,0,-0.3890627324581146,-0.9206781387329102,0.03134515509009361,0,-0.11718107014894485,0.08321096748113632,0.9896180629730225,0,-0.08867000043392181,-0.06413000077009201,-0.02048099972307682,1,0.9966460466384888,0.0761440247297287,-0.029972907155752182,0,-0.0721503347158432,0.6448620557785034,-0.7608855962753296,0,-0.03860851377248764,0.7604964375495911,0.6481932997703552,0,0,0.3963190019130707,0,1,0.9499620199203491,0.03820371627807617,0.3100220561027527,0,-0.30805131793022156,-0.0498313307762146,0.950063943862915,0,0.051744766533374786,-0.9980272054672241,-0.03556916490197182,0,0,0.3364500105381012,0,1,0.9957517981529236,0.0008425043197348714,-0.09207382798194885,0,0.042058590799570084,0.885384202003479,0.46295300126075745,0,0.08191082626581192,-0.46485915780067444,0.8815882205963135,0,0,0.14872199296951294,0,1
K0.070,0.8891403079032898,0.05279835686087608,0.4545777440071106,0,0.046548835933208466,0.9777362942695618,-0.20461034774780273,0,-0.4552600681781769,0.20308730006217957,0.8668867349624634,0,-0.0077302176505327225,0.803381085395813,0.011306957341730595,1,0.999376118183136,-0.015233688056468964,-0.03185295686125755,0,0.017544787377119064,0.99713534116745,0.07358168810606003,0,0.03064078465104103,-0.07409461587667465,0.9967803359031677,0,0,0.115557000041008,-0.010862000286579132,1,0.996845006942749,-0.02192012220621109,-0.07628130167722702,0,0.04580701142549515,0.9437737464904785,0.3274046778678894,0,0.06481552124023438,-0.32986587285995483,0.941800057888031,0,0,0.13541099429130554,0,1,0.996845006942749,-0.02192012220621109,-0.07628130167722702,0,0.04580701142549515,0.9437737464904785,0.3274046778678894,0,0.06481552124023438,-0.32986587285995483,0.941800057888031,0,0,0.15475499629974365,0,1,0.9954068660736084,-0.02747703529894352,-0.09170859307050705,0,0.0022790024522691965,0.964457631111145,-0.26422715187072754,0,0.09570925682783127,0.2628045380115509,0.9600905179977417,0,0,0.17409999668598175,0,1,0.999535322189331,-0.016184521839022636,0.025824449956417084,0,0.021420089527964592,0.9758245944976807,-0.2175023853778839,0,-0.02167995646595955,0.21795444190502167,0.9757176041603088,0,0,0.08386600017547607,0.014653000049293041,1,0.5545845031738281,-0.7034653425216675,-0.4444921612739563,0,0.7249817848205566,0.14626829326152802,0.6730579137802124,0,-0.40845784544944763,-0.6955163478851318,0.591117799282074,0,0.07487399876117706,0.15380500257015228,-0.002010999945923686,1,0.7552742958068848,0.3035094141960144,0.5808975696563721,0,-0.6262214183807373,0.5957282185554504,0.5029455423355103,0,-0.19340842962265015,-0.7436327934265137,0.6400027275085449,0,0,0.14695900678634644,0,1,0.879744827747345,0.475144624710083,0.01695885881781578,0,-0.4753850996494293,0.8784951567649841,0.04748820886015892,0,0.007665485143661499,-0.04983945190906525,0.9987273216247559,0,0,0.3050200045108795,0,1,0.9120739102363586,0.13942700624465942,0.3855912685394287,0,0.12157271057367325,0.8061627745628357,-0.5790694952011108,0,-0.39158716797828674,0.5750314593315125,0.7183293700218201,0,0,0.18424899876117706,0,1,0.8282297849655151,0.5560422539710999,-0.06965941190719604,0,-0.5294480919837952,0.8171647787094116,0.22787295281887054,0,0.1836303025484085,-0.15185019373893738,0.9711962342262268,0,-0.03313000127673149,0.09096600115299225,0.013790000230073929,1,0.9893529415130615,-0.0814339742064476,0.12062424421310425,0,0.06256436556577682,0.9862900972366333,0.15269963443279266,0,-0.13140542805194855,-0.1435270458459854,0.9808838367462158,0,-0.0014090000186115503,0.0782179981470108,0,1,0.9562970399856567,0.2918529808521271,0.017842145636677742,0,-0.2918359935283661,0.9564619660377502,-0.0036098260898143053,0,-0.018118856474757195,-0.0017549128970131278,0.9998340010643005,0,-0.005520000122487545,0.05680200085043907,0,1,0.9563817381858826,-0.28130215406417847,-0.07876396179199219,0,0.2899608910083771,0.881423830986023,0.37284642457962036,0,-0.035458043217659,-0.37942177057266235,0.9245438575744629,0,-0.0290949996560812,0.2116370052099228,-0.002065999899059534,1,0.9999589920043945,-0.00899336114525795,-0.0005235025892034173,0,0.007159115746617317,0.7580498456954956,0.652157723903656,0,-0.005468248389661312,-0.6521346569061279,0.7580831050872803,0,0.00007400000322377309,0.03825400024652481,0,1,0.9999920129776001,-0.003922000993043184,0.0006289960001595318,0,0.003921998664736748,0.9999920129776001,0.0000032334735351469135,0,-0.0006290040910243988,0,1,0,0.000037999998312443495,0.043081000447273254,0,1,0.9470065236091614,-0.3188226521015167,0.03912809491157532,0,0.2671040892601013,0.8492752909660339,0.4553985297679901,0,-0.17842179536819458,-0.4208138585090637,0.8894275426864624,0,0.0290949996560812,0.20932500064373016,-0.0017180000431835651,1,0.9978275299072266,0.05912473052740097,0.02904518134891987,0,-0.061826664954423904,0.6884061694145203,0.7226850390434265,0,0.02273370325565338,-0.7229115962982178,0.690566897392273,0,0.00007699999696342275,0.04418199881911278,0,1,0.9999969601631165,0.0025579999200999737,-0.00007700064452365041,0,-0.0025579999200999737,0.9999969601631165,0,0,0.00007699934212723747,0,1,0,-0.00007599999662488699,0.039101000875234604,0,1,0.6410534381866455,0.5642483830451965,0.5202642679214478,0,-0.6126243472099304,-0.03214637562632561,0.7897206544876099,0,0.4623231291770935,-0.8249794840812683,0.32506468892097473,0,-0.07487399876117706,0.15378600358963013,-0.0018060000147670507,1,0.5723354816436768,-0.8133335113525391,-0.10450749099254608,0,0.8197387456893921,0.5708093047142029,0.04695550352334976,0,0.021463356912136078,-0.11254306137561798,0.9934146404266357,0,0,0.14695900678634644,0,1,0.9532591104507446,-0.3020222783088684,-0.008934181183576584,0,0.3021535575389862,0.952776312828064,0.03032694384455681,0,-0.0006471358938142657,-0.0316089428961277,0.9995002150535583,0,0,0.30505499243736267,0,1,0.7364957332611084,-0.016601739451289177,-0.6762380003929138,0,-0.34848859906196594,0.8475126028060913,-0.4003480076789856,0,0.5797668099403381,0.5305159687995911,0.6184040904045105,0,0,0.18424899876117706,0,1,0.7472543120384216,-0.4466911554336548,0.4920140504837036,0,0.23374055325984955,0.8697472810745239,0.43463146686553955,0,-0.6220740079879761,-0.2097766399383545,0.7543323636054993,0,0.032903000712394714,0.09380000084638596,0.018118999898433685,1,0.9999579191207886,0.00647123483940959,-0.006443590857088566,0,-0.006650993134826422,0.9995784759521484,-0.028277192264795303,0,0.006257885601371527,0.02831885777413845,0.9995793700218201,0,0.0038660001009702682,0.08074100315570831,0,1,0.9879100322723389,-0.15390460193157196,-0.0186193585395813,0,0.15388140082359314,0.988085925579071,-0.0026848160196095705,0,0.018810728564858437,-0.00021281602676026523,0.9998229742050171,0,0.000598000013269484,0.05323699861764908,0,1,0.9989847540855408,-0.0449460931122303,0.0029624965973198414,0,0.04326988384127617,0.975843608379364,0.21414409577846527,0,-0.012515874579548836,-0.21379852294921875,0.9767976999282837,0,0.024845000356435776,0.21531400084495544,-0.002767999889329076,1,0.999948263168335,0.010131493210792542,0.0005712476558983326,0,-0.009564898908138275,0.9222341775894165,0.38651344180107117,0,0.003389134770259261,-0.38649895787239075,0.9222835302352905,0,0.000009999999747378752,0.041916001588106155,0,1,0.9999809861183167,0.006155000533908606,0.00011291151167824864,0,-0.006155000533908606,0.9999809861183167,0,0,-0.00011291459668427706,0,1,0,-0.00007999999797903001,0.03949600085616112,0,1,0.9967368841171265,-0.006656736601144075,-0.08044752478599548,0,0.04568285495042801,0.8681644201278687,0.4941686689853668,0,0.06655211001634598,-0.4962311089038849,0.8656353950500488,0,-0.024845000356435776,0.2111939936876297,-0.0017819999484345317,1,0.9920430779457092,-0.07982632517814636,-0.09736035764217377,0,0.08672603964805603,-0.12730611860752106,0.9880648255348206,0,-0.09126809984445572,-0.9886458516120911,-0.11937005072832108,0,0.00007599999662488699,0.03627699986100197,0,1,0.9999930262565613,-0.0037040002644062042,0.00022499804617837071,0,0.003703999798744917,0.9999930262565613,0.000001460174644307699,0,-0.0002250019315397367,0,1,0,-0.000003000000106112566,0.04137500002980232,0,1,-0.8917317986488342,-0.23225946724414825,0.38841891288757324,0,0.3562268912792206,-0.8895909786224365,0.28588446974754333,0,0.27913472056388855,0.3932977020740509,0.8760141134262085,0,0.08867000043392181,-0.06413000077009201,-0.02200300060212612,1,0.9966742992401123,-0.08123601227998734,0.006429424975067377,0,0.07027173042297363,0.8168386816978455,-0.5725703835487366,0,0.04126151278614998,0.5711176991462708,0.8198302984237671,0,0,0.3963479995727539,0,1,0.980413019657135,-0.11096854507923126,0.16271506249904633,0,-0.07581304758787155,0.549871563911438,0.8318008780479431,0,-0.18177621066570282,-0.8278446793556213,0.5306885838508606,0,0,0.3364959955215454,0,1,0.9961104989051819,0.00021640746854245663,0.08811511844396591,0,-0.04108759015798569,0.8857679963111877,0.4623053967952728,0,-0.07794949412345886,-0.4641276001930237,0.8823315501213074,0,0,0.1492290049791336,0,1,-0.9137142300605774,0.3812382221221924,-0.14065523445606232,0,-0.3889629542827606,-0.9207262396812439,0.031175101175904274,0,-0.11761975288391113,0.08319476246833801,0.9895675182342529,0,-0.08867000043392181,-0.06413000077009201,-0.02048099972307682,1,0.99664705991745,0.07612860202789307,-0.029989080503582954,0,-0.07215017825365067,0.644813597202301,-0.760927140712738,0,-0.03859095275402069,0.7605395913124084,0.6481443643569946,0,0,0.3963190019130707,0,1,0.9499780535697937,0.03817688301205635,0.30997535586357117,0,-0.30800917744636536,-0.04976237937808037,0.9500809907913208,0,0.05169624835252762,-0.9980310797691345,-0.03551432117819786,0,0,0.3364500105381012,0,1,0.9957279562950134,0.0008876101928763092,-0.09233041107654572,0,0.04213787615299225,0.8853862881660461,0.4629431962966919,0,0.08215894550085068,-0.464855819940567,0.8815659880638123,0,0,0.14872199296951294,0,1
