6.967,30,209,49
B0,mixamorig_Hips,-1,0.9990619421005249,0.038270268589258194,0.020242100581526756,0,-0.034413743764162064,0.9856849312782288,-0.16505023837089539,0,-0.026268843561410904,0.16419875621795654,0.986077070236206,0,-0.0006769999745301902,0.532043993473053,0.037018999457359314,1
B1,mixamorig_Spine,0,0.9976649880409241,-0.06829801946878433,-0.00037123190122656524,0,0.06611692160367966,0.9644131064414978,0.2559995651245117,0,-0.01712624542415142,-0.2554263770580292,0.9666769504547119,0,0,0.10520199686288834,-0.009926999919116497,1
B2,mixamorig_Spine1,1,0.9999769330024719,-0.006799865048378706,0.0007711637881584466,0,0.006764140445739031,0.9991980195045471,0.03945606201887131,0,-0.0010388412047177553,-0.039449937641620636,0.9992210268974304,0,0,0.12328100204467773,0,1
B3,mixamorig_Spine2,2,0.9999759793281555,-0.006899147294461727,0.0008347093826159835,0,0.006860841065645218,0.9991980791091919,0.03946034237742424,0,-0.0011062822304666042,-0.0394536554813385,0.9992210268974304,0,0,0.14089199900627136,0,1
B4,mixamorig_Neck,3,0.9999610185623169,0.0007332904497161508,-0.008799459785223007,0,0.0003102337068412453,0.9930130839347839,0.11800594627857208,0,0.00882450956851244,-0.11800406128168106,0.992974042892456,0,0,0.15850399434566498,0,1
B5,mixamorig_Head,4,0.9966300129890442,0.04445215314626694,-0.06893472373485565,0,-0.06270893663167953,0.9546620845794678,-0.29101186990737915,0,0.05287329480051994,0.2943541407585144,0.9542329907417297,0,0,0.1053370013833046,0.022779999300837517,1
B6,mixamorig_HeadTop_End,5,1,0,0,0,0,1,0,0,0,0,1,0,0,0.2656700015068054,0.05745299905538559,1
B7,mixamorig_LeftShoulder,3,0.21049107611179352,0.028894715011119843,-0.9771688580513,0,0.8814379572868347,-0.43791088461875916,0.17692077159881592,0,-0.4228008985519409,-0.8985540866851807,-0.11764517426490784,0,0.08515500277280807,0.1318809986114502,-0.0024840000551193953,1
B8,mixamorig_LeftArm,7,0.9406549334526062,0.2788410782814026,0.19343005120754242,0,-0.3389839231967926,0.7450850605964661,0.5744019150733948,0,0.016045009717345238,-0.6058840751647949,0.7953909635543823,0,0,0.1817989945411682,0,1
B9,mixamorig_LeftForeArm,8,0.5477229952812195,0.8352429866790771,0.04867393150925636,0,-0.8353879451751709,0.5427579879760742,0.08683109283447266,0,0.046106889843940735,-0.0882210060954094,0.9950330257415771,0,0,0.2994309961795807,0,1
B10,mixamorig_LeftHand,9,0.8392700552940369,0.20671212673187256,-0.5028878450393677,0,-0.2921888828277588,0.9514760375022888,-0.09652998298406601,0,0.4585321545600891,0.22795310616493225,0.8589448928833008,0,0,0.17764200270175934,0,1
B11,mixamorig_LeftHandThumb1,10,0.9130370616912842,0.38128092885017395,-0.14487169682979584,0,-0.27333593368530273,0.8356000781059265,0.4765079617500305,0,0.3027383089065552,-0.3954709470272064,0.8671519756317139,0,-0.03514799848198891,0.07317599654197693,0.012368000112473965,1
B12,mixamorig_LeftHandThumb2,11,0.8753429055213928,-0.48144829273223877,-0.044526029378175735,0,0.47950974106788635,0.8526141047477722,0.207651287317276,0,-0.062009841203689575,-0.203116774559021,0.9771890044212341,0,-0.00020700000459328294,0.0656920000910759,0,1
B13,mixamorig_LeftHandThumb3,12,0.993090033531189,0.08468158543109894,-0.08124800026416779,0,-0.08707543462514877,0.9958519339561462,-0.026381265372037888,0,0.07867702096700668,0.03327369689941406,0.9963449239730835,0,-0.002130999928340316,0.053467001765966415,0,1
B14,mixamorig_LeftHandThumb4,13,1,0,0,0,0,1,0,0,0,0,1,0,0.002337000099942088,0.03564999997615814,0,1
B15,mixamorig_LeftHandIndex1,10,0.9550909996032715,-0.29299795627593994,-0.044195856899023056,0,0.21104605495929718,0.5679507851600647,0.7955441474914551,0,-0.20799186825752258,-0.7691448926925659,0.6042811870574951,0,-0.02739099971950054,0.17344699800014496,-0.002300000051036477,1
B16,mixamorig_LeftHandIndex2,15,0.9958329796791077,-0.0873161032795906,-0.02632070519030094,0,0.08763206005096436,0.8362800478935242,0.5412538647651672,0,-0.025248698890209198,-0.5413050651550293,0.840446949005127,0,0.00022200000239536166,0.041854001581668854,0,1
B17,mixamorig_LeftHandIndex3,16,0.999764084815979,-0.021517155691981316,-0.0030120760202407837,0,0.02164282836019993,0.9740890264511108,0.22512592375278473,0,-0.0019100398058071733,-0.22513803839683533,0.9743250012397766,0,-0.0003000000142492354,0.04227399826049805,0,1
B18,mixamorig_LeftHandIndex4,17,1,0,0,0,0,1,0,0,0,0,1,0,0.0000779999973019585,0.030153999105095863,0,1
B19,mixamorig_LeftHandMiddle1,10,0.9665890336036682,-0.2539707124233246,-0.034704163670539856,0,0.21005308628082275,0.7071930170059204,0.6750969886779785,0,-0.14691227674484253,-0.6598308682441711,0.7369120717048645,0,0.02739099971950054,0.1717129945755005,-0.005390999838709831,1
B20,mixamorig_LeftHandMiddle2,19,0.9991689324378967,-0.038935888558626175,-0.012057933956384659,0,0.039504118263721466,0.8521599173545837,0.5217880010604858,0,-0.010040996596217155,-0.5218308568000793,0.8529900312423706,0,-0.0006880000000819564,0.04588700085878372,0,1
B21,mixamorig_LeftHandMiddle3,20,0.9987669587135315,-0.04932016134262085,-0.00568403722718358,0,0.048110827803611755,0.9332498908042908,0.3559921979904175,0,-0.01225296687334776,-0.3558267652988434,0.9344720840454102,0,0.0004780000017490238,0.04020699858665466,0,1
B22,mixamorig_LeftHandMiddle4,21,1,0,0,0,0,1,0,0,0,0,1,0,0.0002099999983329326,0.025973999872803688,0,1
B23,mixamorig_RightShoulder,3,0.2523132860660553,-0.02964874543249607,0.9671908617019653,0,-0.8336660861968994,-0.5141101479530334,0.20172055065631866,0,0.49126189947128296,-0.8572110533714294,-0.1544339507818222,0,-0.08515500277280807,0.13188600540161133,-0.0025400000158697367,1
B24,mixamorig_RightArm,23,0.8207457661628723,-0.5229692459106445,-0.22995613515377045,0,0.5637267827987671,0.6760711669921875,0.47449010610580444,0,-0.09267695993185043,-0.5190679430961609,0.8496939539909363,0,0,0.1817989945411682,0,1
B25,mixamorig_RightForeArm,24,0.7940559983253479,-0.6074039936065674,-0.02314889058470726,0,0.6075050830841064,0.7917629480361938,0.06363516300916672,0,-0.02032381482422352,-0.06459294259548187,0.9977049231529236,0,0,0.2994360029697418,0,1
B26,mixamorig_RightHand,25,0.8456341624259949,-0.2910468280315399,0.44743192195892334,0,0.24527715146541595,0.9563989639282227,0.1585540920495987,0,-0.47407016158103943,-0.02433394081890583,0.8801509141921997,0,0,0.1776369959115982,0,1
B27,mixamorig_RightHandThumb1,26,0.9060750603675842,-0.3522910475730896,0.23434759676456451,0,0.30074891448020935,0.9258130788803101,0.22895295917987823,0,-0.29762032628059387,-0.13696886599063873,0.9448078870773315,0,0.03395399823784828,0.07385300099849701,0.013017999939620495,1
B28,mixamorig_RightHandThumb2,27,0.8914230465888977,0.3955939710140228,0.22106368839740753,0,-0.4521791636943817,0.8087190985679626,0.37617459893226624,0,-0.029966045171022415,-0.4352914094924927,0.8997907638549805,0,0.002078999998047948,0.0658240020275116,0,1
B29,mixamorig_RightHandThumb3,28,0.9509939551353455,-0.0942632257938385,-0.29449108242988586,0,0.15556278824806213,0.9689459204673767,0.1922072023153305,0,0.26722800731658936,-0.22859984636306763,0.9361261129379272,0,0.0029090000316500664,0.054214999079704285,0,1
B30,mixamorig_RightHandThumb4,29,1,0,0,0,0,1,0,0,0,0,1,0,-0.004987999796867371,0.034019000828266144,0,1
B31,mixamorig_RightHandIndex1,26,0.9619259238243103,0.27080515027046204,0.036909688264131546,0,-0.20885412395000458,0.6412320137023926,0.7383769154548645,0,0.17628872394561768,-0.7179731726646423,0.6733769178390503,0,0.0278680007904768,0.17862799763679504,-0.0024870000779628754,1
B32,mixamorig_RightHandIndex2,31,0.9970920085906982,0.07213576138019562,0.024579960852861404,0,-0.07290420681238174,0.8089380264282227,0.5833550095558167,0,0.02219710312783718,-0.5834509134292603,0.8118450045585632,0,-0.00008099999831756577,0.0418579988181591,0,1
B33,mixamorig_RightHandIndex3,32,0.9997979998588562,0.019851194694638252,0.003284734906628728,0,-0.01988789439201355,0.9501690864562988,0.31110191345214844,0,0.0030546884518116713,-0.31110408902168274,0.9503710865974426,0,0.00025499999173916876,0.04016900062561035,0,1
B34,mixamorig_RightHandIndex4,33,1,0,0,0,0,1,0,0,0,0,1,0,-0.0001740000006975606,0.028599999845027924,0,1
B35,mixamorig_RightHandMiddle1,26,0.9719979166984558,0.23385609686374664,0.023050924763083458,0,-0.18238398432731628,0.6889110803604126,0.7015249729156494,0,0.14817588031291962,-0.6860851049423218,0.7122719287872314,0,-0.0278680007904768,0.17259399592876434,-0.004838000051677227,1
B36,mixamorig_RightHandMiddle2,35,0.9992579817771912,0.03714004531502724,0.010163035243749619,0,-0.0377439484000206,0.8925310373306274,0.4494028389453888,0,0.007620019372552633,-0.4494531452655792,0.8932709693908691,0,0.00023099999816622585,0.046762000769376755,0,1
B37,mixamorig_RightHandMiddle3,36,0.9999989867210388,0.000990967615507543,-0.0007410828839056194,0,-0.0009160401532426476,0.9954720139503479,0.09505188465118408,0,0.0008319206535816193,-0.095051109790802,0.9954720139503479,0,-0.000009000000318337698,0.039399001747369766,0,1
B38,mixamorig_RightHandMiddle4,37,1,0,0,0,0,1,0,0,0,0,1,0,-0.0002229999954579398,0.025496000424027443,0,1
B39,mixamorig_LeftUpLeg,0,-0.9689099788665771,-0.03264486789703369,0.24524930119514465,0,0.24620677530765533,-0.22496184706687927,0.9427481889724731,0,0.024395860731601715,0.9738209843635559,0.22600525617599487,0,0.08701500296592712,-0.05850600078701973,-0.02312999963760376,1
B40,mixamorig_LeftLeg,39,0.97822505235672,-0.1760496199131012,0.10992175340652466,0,0.11708427965641022,0.030796008184552193,-0.9926438927650452,0,0.17136938869953156,0.9838988780975342,0.050738055258989334,0,0,0.41554099321365356,0,1
B41,mixamorig_LeftFoot,40,0.9921429753303528,0.10499807447195053,-0.06802107393741608,0,0.019378945231437683,0.4081631898880005,0.9127029180526733,0,0.12359590083360672,-0.906851053237915,0.40292197465896606,0,0,0.38332900404930115,0,1
B42,mixamorig_LeftToeBase,41,0.9980310797691345,-7.74715331886e-8,0.06271794438362122,0,-0.02577909268438816,0.9116210341453552,0.41022399067878723,0,-0.05717502161860466,-0.411033034324646,0.9098259806632996,0,0,0.1468620002269745,0,1
B43,mixamorig_LeftToe_End,42,1,0,0,0,0,1,0,0,0,0,1,0,0,0.0686199963092804,0,1
B44,mixamorig_RightUpLeg,0,-0.9887029528617859,0.009326024912297726,-0.14959532022476196,0,-0.14838671684265137,-0.20170991122722626,0.9681401252746582,0,-0.021145962178707123,0.9794010519981384,0.20081505179405212,0,-0.08701500296592712,-0.05850600078701973,-0.021021999418735504,1
B45,mixamorig_RightLeg,44,0.9873380064964294,-0.15382298827171326,-0.038756996393203735,0,-0.04373599961400032,-0.029116135090589523,-0.9986189007759094,0,0.15248200297355652,0.9876689314842224,-0.035475049167871475,0,0,0.41555100679397583,0,1
B46,mixamorig_RightFoot,45,0.994443953037262,-0.09990732371807098,0.033158063888549805,0,0.0019099649507552385,0.33206605911254883,0.9432539343833923,0,-0.10524865984916687,-0.9379500150680542,0.33041197061538696,0,0,0.38322699069976807,0,1
B47,mixamorig_RightToeBase,46,0.9981650114059448,0.000041807063098531216,-0.060554832220077515,0,0.02487187087535858,0.9114722013473511,0.4106086492538452,0,0.05521121993660927,-0.41136136651039124,0.909798800945282,0,0,0.14737600088119507,0,1
B48,mixamorig_RightToe_End,47,1,0,0,0,0,1,0,0,0,0,1,0,0,0.06801299750804901,0,1
@40,0,1,2,3,4,5,7,8,9,10,11,12,13,15,16,17,19,20,21,23,24,25,26,27,28,29,31,32,33,35,36,37,39,40,41,42,44,45,46,47
K0,0.9990619421005249,0.038270264863967896,0.020242126658558846,0,-0.03441373631358147,0.9856849312782288,-0.1650502234697342,0,-0.026268869638442993,0.16419874131679535,0.986077070236206,0,-0.0006769999745301902,0.532043993473053,0.037018999457359314,1,0.9976649880409241,-0.06829804927110672,-0.0003712432226166129,0,0.06611695140600204,0.9644131064414978,0.2559995949268341,0,-0.01712624356150627,-0.25542640686035156,0.9666769504547119,0,0,0.10520199686288834,-0.009926999919116497,1,0.9999769330024719,-0.006799861788749695,0.0007711613434366882,0,0.006764137651771307,0.9991980195045471,0.03945606201887131,0,-0.0010388386435806751,-0.039449937641620636,0.9992210268974304,0,0,0.12328100204467773,0,1,0.9999759793281555,-0.006899153348058462,0.0008347134571522474,0,0.006860847119241953,0.9991980791091919,0.03946034610271454,0,-0.0011062865378335118,-0.0394536592066288,0.9992210268974304,0,0,0.14089199900627136,0,1,0.9999610185623169,0.0007332629174925387,-0.008799475617706776,0,0.00031026298529468477,0.9930130839347839,0.11800594627857208,0,0.008824522607028484,-0.11800406128168106,0.992974042892456,0,0,0.15850399434566498,0,1,0.9966300129890442,0.044452112168073654,-0.06893470883369446,0,-0.06270889192819595,0.9546620845794678,-0.29101186990737915,0,0.052873291075229645,0.2943541407585144,0.9542329907417297,0,0,0.1053370013833046,0.022779999300837517,1,0.21049091219902039,0.028894739225506783,-0.9771689772605896,0,0.8814381957054138,-0.4379107356071472,0.17692072689533234,0,-0.4228006601333618,-0.898554265499115,-0.11764518171548843,0,0.08515500277280807,0.1318809986114502,-0.0024840000551193953,1,0.9406549334526062,0.2788410782814026,0.19343003630638123,0,-0.3389839231967926,0.7450850605964661,0.5744019746780396,0,0.016045022755861282,-0.6058840751647949,0.7953909635543823,0,0,0.1817989945411682,0,1,0.5477229356765747,0.8352429866790771,0.04867388680577278,0,-0.8353879451751709,0.5427579283714294,0.08683104813098907,0,0.046106889843940735,-0.08822094649076462,0.9950330257415771,0,0,0.2994309961795807,0,1,0.8392699956893921,0.20671212673187256,-0.5028878450393677,0,-0.2921888828277588,0.9514760375022888,-0.09652993083000183,0,0.4585322141647339,0.22795307636260986,0.8589448928833008,0,0,0.17764200270175934,0,1,0.9130370020866394,0.3812810182571411,-0.14487166702747345,0,-0.2733359932899475,0.8356000185012817,0.4765080511569977,0,0.30273833870887756,-0.3954710066318512,0.8671519160270691,0,-0.03514799848198891,0.07317599654197693,0.012368000112473965,1,0.8753429055213928,-0.48144829273223877,-0.04452592507004738,0,0.47950974106788635,0.8526141047477722,0.2076512575149536,0,-0.06200992316007614,-0.20311671495437622,0.9771890044212341,0,-0.00020700000459328294,0.0656920000910759,0,1,0.993090033531189,0.08468157798051834,-0.08124798536300659,0,-0.08707542717456818,0.9958519339561462,-0.02638128399848938,0,0.07867700606584549,0.033273715525865555,0.9963449835777283,0,-0.002130999928340316,0.053467001765966415,0,1,0.9550909996032715,-0.29299792647361755,-0.04419585317373276,0,0.2110460251569748,0.5679507851600647,0.7955441474914551,0,-0.2079918533563614,-0.7691448926925659,0.6042811870574951,0,-0.02739099971950054,0.17344699800014496,-0.002300000051036477,1,0.9958329796791077,-0.08731602132320404,-0.026320680975914,0,0.08763197809457779,0.8362800478935242,0.5412538051605225,0,-0.025248678401112556,-0.5413050055503845,0.840446949005127,0,0.00022200000239536166,0.041854001581668854,0,1,0.999764084815979,-0.021517165005207062,-0.003012059023603797,0,0.021642833948135376,0.9740890264511108,0.22512593865394592,0,-0.0019100588979199529,-0.22513805329799652,0.9743250012397766,0,-0.0003000000142492354,0.04227399826049805,0,1,0.9665890336036682,-0.25397080183029175,-0.03470427915453911,0,0.2100532054901123,0.7071928977966309,0.6750970482826233,0,-0.14691227674484253,-0.6598309874534607,0.7369120121002197,0,0.02739099971950054,0.1717129945755005,-0.005390999838709831,1,0.9991689324378967,-0.03893587365746498,-0.012057962827384472,0,0.039504121989011765,0.8521599173545837,0.5217880010604858,0,-0.01004096306860447,-0.5218308568000793,0.8529900312423706,0,-0.0006880000000819564,0.04588700085878372,0,1,0.9987669587135315,-0.049320172518491745,-0.005684002302587032,0,0.048110827803611755,0.9332498908042908,0.3559921979904175,0,-0.01225300319492817,-0.3558267652988434,0.9344720840454102,0,0.0004780000017490238,0.04020699858665466,0,1,0.2523130774497986,-0.0296485498547554,0.9671909809112549,0,-0.8336662650108337,-0.5141099095344543,0.20172058045864105,0,0.49126172065734863,-0.8572112321853638,-0.1544336974620819,0,-0.08515500277280807,0.13188600540161133,-0.0025400000158697367,1,0.8207457661628723,-0.5229692459106445,-0.22995604574680328,0,0.5637267827987671,0.6760711669921875,0.47449013590812683,0,-0.0926770567893982,-0.5190679430961609,0.849694013595581,0,0,0.1817989945411682,0,1,0.7940559983253479,-0.6074039936065674,-0.023148836567997932,0,0.6075050830841064,0.7917629480361938,0.06363512575626373,0,-0.02032383531332016,-0.0645928755402565,0.9977049827575684,0,0,0.2994360029697418,0,1,0.8456341624259949,-0.2910468578338623,0.44743192195892334,0,0.24527718126773834,0.9563989639282227,0.1585540920495987,0,-0.47407016158103943,-0.02433392032980919,0.8801509141921997,0,0,0.1776369959115982,0,1,0.9060750603675842,-0.352291077375412,0.2343476116657257,0,0.30074888467788696,0.9258130788803101,0.2289530485868454,0,-0.29762035608291626,-0.1369689404964447,0.9448078274726868,0,0.03395399823784828,0.07385300099849701,0.013017999939620495,1,0.8914230465888977,0.39559388160705566,0.22106382250785828,0,-0.4521791338920593,0.8087190985679626,0.37617456912994385,0,-0.0299661997705698,-0.43529143929481506,0.8997907638549805,0,0.002078999998047948,0.0658240020275116,0,1,0.9509939551353455,-0.0942632332444191,-0.2944910526275635,0,0.15556278824806213,0.9689459800720215,0.19220717251300812,0,0.26722797751426697,-0.22859981656074524,0.9361261129379272,0,0.0029090000316500664,0.054214999079704285,0,1,0.9619259834289551,0.2708050310611725,0.03690963238477707,0,-0.20885398983955383,0.6412321329116821,0.7383768558502197,0,0.1762886345386505,-0.7179731130599976,0.6733769774436951,0,0.0278680007904768,0.17862799763679504,-0.0024870000779628754,1,0.9970920085906982,0.07213575392961502,0.024580039083957672,0,-0.07290424406528473,0.8089379668235779,0.5833550691604614,0,0.022197039797902107,-0.583450973033905,0.8118450045585632,0,-0.00008099999831756577,0.0418579988181591,0,1,0.9997979998588562,0.01985115371644497,0.003284704638645053,0,-0.01988784596323967,0.9501690864562988,0.31110191345214844,0,0.0030547045171260834,-0.31110408902168274,0.9503710865974426,0,0.00025499999173916876,0.04016900062561035,0,1,0.9719979166984558,0.23385605216026306,0.023050880059599876,0,-0.1823839396238327,0.6889111399650574,0.7015249133110046,0,0.14817588031291962,-0.686085045337677,0.7122719883918762,0,-0.0278680007904768,0.17259399592876434,-0.004838000051677227,1,0.9992579817771912,0.037140052765607834,0.010163027793169022,0,-0.0377439484000206,0.8925310373306274,0.4494028389453888,0,0.0076200286857783794,-0.4494531452655792,0.8932709693908691,0,0.00023099999816622585,0.046762000769376755,0,1,0.9999989867210388,0.000990963657386601,-0.0007410813122987747,0,-0.0009160363697446883,0.9954720139503479,0.09505188465118408,0,0.0008319187327288091,-0.095051109790802,0.9954720139503479,0,-0.000009000000318337698,0.039399001747369766,0,1,-0.9689099788665771,-0.03264511749148369,0.24524937570095062,0,0.24620689451694489,-0.22496183216571808,0.9427481889724731,0,0.02439563348889351,0.9738209843635559,0.22600528597831726,0,0.08701500296592712,-0.05850600078701973,-0.02312999963760376,1,0.97822505235672,-0.1760493665933609,0.1099221259355545,0,0.11708462238311768,0.030795831233263016,-0.9926439523696899,0,0.17136912047863007,0.9838989973068237,0.050737909972667694,0,0,0.41554099321365356,0,1,0.9921429753303528,0.10499802231788635,-0.06802113354206085,0,0.019379019737243652,0.4081631898880005,0.9127029180526733,0,0.12359587848186493,-0.906851053237915,0.40292197465896606,0,0,0.38332900404930115,0,1,0.9980310797691345,0,0.06271795928478241,0,-0.025779088959097862,0.9116210341453552,0.41022399067878723,0,-0.05717504024505615,-0.411033034324646,0.9098259806632996,0,0,0.1468620002269745,0,1,-0.9887028336524963,0.009326267056167126,-0.14959530532360077,0,-0.14838674664497375,-0.20170989632606506,0.9681400060653687,0,-0.021145733073353767,0.9794009327888489,0.20081523060798645,0,-0.08701500296592712,-0.05850600078701973,-0.021021999418735504,1,0.9873380064964294,-0.15382298827171326,-0.03875699266791344,0,-0.04373598471283913,-0.029116135090589523,-0.998619019985199,0,0.15248200297355652,0.9876689910888672,-0.03547504544258118,0,0,0.41555100679397583,0,1,0.994443953037262,-0.0999072715640068,0.03315829858183861,0,0.0019097276963293552,0.33206605911254883,0.9432539343833923,0,-0.10524868965148926,-0.9379500150680542,0.3304119408130646,0,0,0.38322699069976807,0,1,0.9981650114059448,0.00004183343116892502,-0.06055479869246483,0,0.024871833622455597,0.9114722013473511,0.4106086492538452,0,0.055211201310157776,-0.41136136651039124,0.909798800945282,0,0,0.14737600088119507,0,1
K0.033,0.9990090131759644,0.039040304720401764,0.02138493023812771,0,-0.03500767797231674,0.9857950210571289,-0.16426320374011993,0,-0.027494048699736595,0.16335181891918182,0.9861850738525391,0,-0.0007419997127726674,0.5319929718971252,0.03705200180411339,1,0.99760502576828,-0.06916012614965439,-0.0013284168671816587,0,0.06721486151218414,0.9646509885787964,0.254813015460968,0,-0.01634143851697445,-0.25429195165634155,0.9669889807701111,0,0,0.10520199686288834,-0.009926999919116497,1,0.9999769926071167,-0.006747680250555277,0.0005351252621039748,0,0.00672132009640336,0.9991989731788635,0.03944825753569603,0,-0.00080088060349226,-0.03944374620914459,0.9992210268974304,0,0,0.12328100204467773,0,1,0.9999759793281555,-0.006872967351227999,0.0006231761071830988,0,0.00684303417801857,0.9991980195045471,0.03945210948586464,0,-0.0008938293321989477,-0.03944689407944679,0.9992210268974304,0,0,0.14089199900627136,0,1,0.9999610185623169,0.0007050543208606541,-0.008789104409515858,0,0.0003370548947714269,0.9930130243301392,0.11800632625818253,0,0.00881089549511671,-0.1180046871304512,0.992974042892456,0,0,0.15850399434566498,0,1,0.9966409802436829,0.044380512088537216,-0.06882315129041672,0,-0.06255348026752472,0.9549679160118103,-0.29003897309303284,0,0.05285186320543289,0.2933700382709503,0.954537034034729,0,0,0.1053370013833046,0.022779999300837517,1,0.2109149545431137,0.028827175498008728,-0.9770789742469788,0,0.8813169598579407,-0.43799304962158203,0.17732121050357819,0,-0.4228420853614807,-0.8985159397125244,-0.11778517067432404,0,0.08515500277280807,0.1318809986114502,-0.0024840000551193953,1,0.9407520294189453,0.2789232134819031,0.19283849000930786,0,-0.33869481086730957,0.7453091144561768,0.5742828249931335,0,0.016456514596939087,-0.6055710911750793,0.795620858669281,0,0,0.1817989945411682,0,1,0.5475989580154419,0.8353229761123657,0.04868714138865471,0,-0.8354689478874207,0.5426331162452698,0.08683992177248001,0,0.046120136976242065,-0.08823005855083466,0.9950319528579712,0,0,0.2994309961795807,0,1,0.8377060294151306,0.20401892066001892,-0.5065820217132568,0,-0.29151099920272827,0.9514440298080444,-0.09887431561946869,0,0.46181216835975647,0.23050183057785034,0.8565040230751038,0,0,0.17764200270175934,0,1,0.9130361080169678,0.3812846541404724,-0.14487022161483765,0,-0.2733393609523773,0.8355978727340698,0.4765089154243469,0,0.3027387857437134,-0.39547106623649597,0.8671510815620422,0,-0.03514799848198891,0.07317599654197693,0.012368000112473965,1,0.8750030994415283,-0.48213377594947815,-0.04377405717968941,0,0.481000155210495,0.8555651307106018,0.191433385014534,0,-0.05484496429562569,-0.18856021761894226,0.9805289506912231,0,-0.00020700000459328294,0.0656920000910759,0,1,0.9896839261054993,0.10695188492536545,-0.09532810002565384,0,-0.1118926852941513,0.9925568699836731,-0.048071540892124176,0,0.08947724103927612,0.05824216082692146,0.994284987449646,0,-0.002130999928340316,0.053467001765966415,0,1,0.9545790553092957,-0.2943819463253021,-0.04602162539958954,0,0.21287605166435242,0.565744161605835,0.7966288924217224,0,-0.20847663283348083,-0.770241916179657,0.6027142405509949,0,-0.02739099971950054,0.17344699800014496,-0.002300000051036477,1,0.9958199262619019,-0.08743926137685776,-0.026409970596432686,0,0.08775672316551208,0.8356849551200867,0.5421521663665771,0,-0.025334972888231277,-0.5422036647796631,0.8398652076721191,0,0.00022200000239536166,0.041854001581668854,0,1,0.9997869729995728,-0.020449846982955933,-0.002795996842905879,0,0.02056814543902874,0.9758160710334778,0.21762391924858093,0,-0.0017219969304278493,-0.21763508021831512,0.9760289192199707,0,-0.0003000000142492354,0.04227399826049805,0,1,0.9665031433105469,-0.2542816698551178,-0.03482507914304733,0,0.20991919934749603,0.7051260471343994,0.6772968769073486,0,-0.14766809344291687,-0.6619199514389038,0.734885036945343,0,0.02739099971950054,0.1717129945755005,-0.005390999838709831,1,0.9991700053215027,-0.03890316188335419,-0.012042103335261345,0,0.03947083652019501,0.8523109555244446,0.5215442776679993,0,-0.01002610381692648,-0.5215867161750793,0.8531391024589539,0,-0.0006880000000819564,0.04588700085878372,0,1,0.9988340139389038,-0.04799681901931763,-0.005279824137687683,0,0.0468631386756897,0.9372300505638123,0.3455486595630646,0,-0.011636821553111076,-0.34539300203323364,0.9383859634399414,0,0.0004780000017490238,0.04020699858665466,0,1,0.2523172199726105,-0.029665136709809303,0.9671899676322937,0,-0.8336648941040039,-0.5141142010688782,0.20171499252319336,0,0.4912619888782501,-0.8572080135345459,-0.15445053577423096,0,-0.08515500277280807,0.13188600540161133,-0.0025400000158697367,1,0.8207581639289856,-0.5232698321342468,-0.22922703623771667,0,0.5635931491851807,0.6760907769203186,0.47462013363838196,0,-0.0933760479092598,-0.5187389254570007,0.8498180508613586,0,0,0.1817989945411682,0,1,0.7943080067634583,-0.6070749163627625,-0.023121945559978485,0,0.6071760654449463,0.7920179963111877,0.06359994411468506,0,-0.020296946167945862,-0.06455706804990768,0.9977080821990967,0,0,0.2994360029697418,0,1,0.8462509512901306,-0.2899821400642395,0.4469548761844635,0,0.24421869218349457,0.9567101001739502,0.15831252932548523,0,-0.47351405024528503,-0.024817395955324173,0.8804359436035156,0,0,0.1776369959115982,0,1,0.9060749411582947,-0.35229113698005676,0.23434807360172272,0,0.30074888467788696,0.9258130788803101,0.22895312309265137,0,-0.297620952129364,-0.13696889579296112,0.9448080658912659,0,0.03395399823784828,0.07385300099849701,0.013017999939620495,1,0.8928220868110657,0.3923119306564331,0.2212689071893692,0,-0.44924017786979675,0.8110159635543823,0.3747490644454956,0,-0.03243407607078552,-0.43398699164390564,0.9003349542617798,0,0.002078999998047948,0.0658240020275116,0,1,0.9512318968772888,-0.08473486453294754,-0.29661139845848083,0,0.14975586533546448,0.9674740433692932,0.2038821578025818,0,0.2696877121925354,-0.23835833370685577,0.932981014251709,0,0.0029090000316500664,0.054214999079704285,0,1,0.9613490104675293,0.2725759744644165,0.03885804861783981,0,-0.2105860859155655,0.6370038986206055,0.7415390610694885,0,0.17737305164337158,-0.7210609912872314,0.6697839498519897,0,0.0278680007904768,0.17862799763679504,-0.0024870000779628754,1,0.9970919489860535,0.07213623821735382,0.02458026632666588,0,-0.07290475815534592,0.8089372515678406,0.5833567380905151,0,0.022197267040610313,-0.5834522247314453,0.8118438720703125,0,-0.00008099999831756577,0.0418579988181591,0,1,0.9997959136962891,0.019947025924921036,0.003309807041659951,0,-0.01998397335410118,0.9498838782310486,0.3119633197784424,0,0.003078807145357132,-0.311965674161911,0.9500881433486938,0,0.00025499999173916876,0.04016900062561035,0,1,0.972341001033783,0.23251885175704956,0.02208617329597473,0,-0.18163613975048065,0.6933209896087646,0.6973628997802734,0,0.14683715999126434,-0.6820859313011169,0.7163780331611633,0,-0.0278680007904768,0.17259399592876434,-0.004838000051677227,1,0.9992640018463135,0.036999888718128204,0.010092908516526222,0,-0.037600111216306686,0.8932979702949524,0.4478900134563446,0,0.007555908057838678,-0.44793999195098877,0.8940320014953613,0,0.00023099999816622585,0.046762000769376755,0,1,0.9999989867210388,0.001162033760920167,-0.0007389438105747104,0,-0.001084970193915069,0.9952939748764038,0.0968899354338646,0,0.0008480563410557806,-0.09688910841941833,0.9952949285507202,0,-0.000009000000318337698,0.039399001747369766,0,1,-0.9685992002487183,-0.03237304836511612,0.24650950729846954,0,0.24738596379756927,-0.22440287470817566,0.9425731301307678,0,0.024803483858704567,0.9739589691162109,0.22536514699459076,0,0.08701500296592712,-0.05850600078701973,-0.02312999963760376,1,0.978145956993103,-0.1762368083000183,0.11032246053218842,0,0.11748018115758896,0.030678007751703262,-0.9926009178161621,0,0.17154845595359802,0.9838699698448181,0.05071193724870682,0,0,0.41554099321365356,0,1,0.992143988609314,0.10497095435857773,-0.06805185973644257,0,0.019439958035945892,0.40800490975379944,0.9127730131149292,0,0.12358012795448303,-0.9069249629974365,0.402758926153183,0,0,0.38332900404930115,0,1,0.9980310797691345,0,0.06271795928478241,0,-0.025779081508517265,0.9116201400756836,0.4102237820625305,0,-0.057175036519765854,-0.4110332131385803,0.9098259210586548,0,0,0.1468620002269745,0,1,-0.9888770580291748,0.009684727527201176,-0.14841975271701813,0,-0.14733129739761353,-0.2005751132965088,0.9685369729995728,0,-0.02038927562534809,0.9796299934387207,0.19977082312107086,0,-0.08701500296592712,-0.05850600078701973,-0.021021999418735504,1,0.9873430132865906,-0.1537982076406479,-0.03873731195926666,0,-0.043716199696063995,-0.029123004525899887,-0.9986189603805542,0,0.15245766937732697,0.9876729846000671,-0.03547787293791771,0,0,0.41555100679397583,0,1,0.9944170713424683,-0.10004553198814392,0.033538904041051865,0,0.0016244737198576331,0.3323289155960083,0.9431620240211487,0,-0.1055050939321518,-0.9378419518470764,0.33063608407974243,0,0,0.38322699069976807,0,1,0.9981639981269836,0.000038056376070016995,-0.06056490167975426,0,0.02487005665898323,0.9115421772003174,0.4104536473751068,0,0.055223092436790466,-0.41120636463165283,0.9098678231239319,0,0,0.14737600088119507,0,1
K0.067,0.999057948589325,0.03837129473686218,0.020274115726351738,0,-0.034509725868701935,0.9856910109519958,-0.16498999297618866,0,-0.026314904913306236,0.16413497924804688,0.9860870838165283,0,-0.0007120002992451191,0.5319949984550476,0.036970000714063644,1,0.9976450204849243,-0.06859516352415085,-0.00028138738707639277,0,0.06638085097074509,0.9643899202346802,0.25602027773857117,0,-0.01729036681354046,-0.2554357349872589,0.9666710495948792,0,0,0.10520199686288834,-0.009926999919116497,1,0.9999770522117615,-0.006760078482329845,0.0008340098429471254,0,0.006721921730786562,0.9991989731788635,0.03944376856088638,0,-0.0010999842779710889,-0.03943723812699318,0.9992210268974304,0,0,0.12328100204467773,0,1,0.9999759793281555,-0.006906803231686354,0.0008931258344091475,0,0.0068661971017718315,0.9991980195045471,0.039448048919439316,0,-0.0011648689396679401,-0.039440952241420746,0.9992210268974304,0,0,0.14089199900627136,0,1,0.9999610185623169,0.0006759638781659305,-0.008772261440753937,0,0.00036396330688148737,0.9930130243301392,0.11800720542669296,0,0.008790737949311733,-0.11800578981637955,0.9929739832878113,0,0,0.15850399434566498,0,1,0.9966360330581665,0.04383063688874245,-0.0692477896809578,0,-0.06211937218904495,0.9551718831062317,-0.2894621193408966,0,0.05345620587468147,0.29278984665870667,0.9546809792518616,0,0,0.1053370013833046,0.022779999300837517,1,0.21145972609519958,0.028833145275712013,-0.9769610166549683,0,0.8813478946685791,-0.43771591782569885,0.17784620821475983,0,-0.4225040376186371,-0.8986509442329407,-0.11797139793634415,0,0.08515500277280807,0.1318809986114502,-0.0024840000551193953,1,0.9407620429992676,0.2796640396118164,0.19171682000160217,0,-0.3386079668998718,0.7454359531402588,0.5741689801216125,0,0.01766180247068405,-0.6050729155540466,0.7959740161895752,0,0,0.1817989945411682,0,1,0.546830952167511,0.8358219265937805,0.048767317086458206,0,-0.8359668850898743,0.5418559908866882,0.08689194172620773,0,0.04620131850242615,-0.08828305453062057,0.9950229525566101,0,0,0.2994309961795807,0,1,0.8360068798065186,0.19790689647197723,-0.511786162853241,0,-0.28970012068748474,0.9513009190559387,-0.10536100715398788,0,0.4660106897354126,0.23634688556194305,0.852627158164978,0,0,0.17764200270175934,0,1,0.9130310416221619,0.38129687309265137,-0.14486658573150635,0,-0.27335113286972046,0.8355928063392639,0.47651317715644836,0,0.3027423918247223,-0.39547181129455566,0.8671499490737915,0,-0.03514799848198891,0.07317599654197693,0.012368000112473965,1,0.8774910569190979,-0.4776689112186432,-0.042920149862766266,0,0.4775051772594452,0.8618229627609253,0.17102603614330292,0,-0.044704239815473557,-0.17056836187839508,0.9843308925628662,0,-0.00020700000459328294,0.0656920000910759,0,1,0.9843060970306396,0.1333414614200592,-0.11559063196182251,0,-0.1430569738149643,0.9864550828933716,-0.08025282621383667,0,0.1033240407705307,0.0955294817686081,0.9900501370429993,0,-0.002130999928340316,0.053467001765966415,0,1,0.9556811451911926,-0.29132580757141113,-0.042471081018447876,0,0.2108752727508545,0.5767028331756592,0.7892690896987915,0,-0.20544107258319855,-0.7632450461387634,0.612576961517334,0,-0.02739099971950054,0.17344699800014496,-0.002300000051036477,1,0.9958810806274414,-0.08686269074678421,-0.02599579095840454,0,0.08717432618141174,0.8384610414505005,0.5379437804222107,0,-0.024930793792009354,-0.5379943251609802,0.8425799012184143,0,0.00022200000239536166,0.041854001581668854,0,1,0.9997929930686951,-0.02015187405049801,-0.002737067872658372,0,0.020268132910132408,0.9762879610061646,0.21552510559558868,0,-0.0016710679046809673,-0.21553590893745422,0.9764940738677979,0,-0.0003000000142492354,0.04227399826049805,0,1,0.9684149622917175,-0.24756914377212524,-0.02969382517039776,0,0.20417794585227966,0.7189996242523193,0.6643423438072205,0,-0.14312082529067993,-0.6494218111038208,0.7468380928039551,0,0.02739099971950054,0.1717129945755005,-0.005390999838709831,1,0.9991790056228638,-0.03870420157909393,-0.011946208775043488,0,0.03926881030201912,0.8532460927963257,0.520027756690979,0,-0.00993420835584402,-0.5200701951980591,0.8540658950805664,0,-0.0006880000000819564,0.04588700085878372,0,1,0.9989190101623535,-0.04623721167445183,-0.004766051657497883,0,0.04519982263445854,0.9423219561576843,0.331642210483551,0,-0.01084305439144373,-0.3314990699291229,0.9433929920196533,0,0.0004780000017490238,0.04020699858665466,0,1,0.2521200478076935,-0.029646679759025574,0.9672420024871826,0,-0.8337782025337219,-0.5139849781990051,0.2015775591135025,0,0.49117177724838257,-0.8572872281074524,-0.15430474281311035,0,-0.08515500277280807,0.13188600540161133,-0.0025400000158697367,1,0.8202109336853027,-0.5245340466499329,-0.22829300165176392,0,0.564194917678833,0.6757760643959045,0.474352091550827,0,-0.09453897923231125,-0.5178709626197815,0.8502190709114075,0,0,0.1817989945411682,0,1,0.7942940592765808,-0.6070929169654846,-0.023123936727643013,0,0.6071940660476685,0.792003870010376,0.0636017769575119,0,-0.020297937095165253,-0.0645592212677002,0.9977070093154907,0,0,0.2994360029697418,0,1,0.8481448888778687,-0.2845139801502228,0.44688016176223755,0,0.24072912335395813,0.9584089517593384,0.1533019095659256,0,-0.47191083431243896,-0.02244517207145691,0.8813610672950745,0,0,0.1776369959115982,0,1,0.9060749411582947,-0.35229113698005676,0.23434807360172272,0,0.30074888467788696,0.9258130788803101,0.22895312309265137,0,-0.297620952129364,-0.13696889579296112,0.9448080658912659,0,0.03395399823784828,0.07385300099849701,0.013017999939620495,1,0.8913111686706543,0.39600375294685364,0.22078484296798706,0,-0.45243221521377563,0.8085228800773621,0.3762928545475006,0,-0.0294962115585804,-0.4352840483188629,0.8998100161552429,0,0.002078999998047948,0.0658240020275116,0,1,0.9510899186134338,-0.06643254309892654,-0.3016872704029083,0,0.13985072076320648,0.9633881449699402,0.22874774038791656,0,0.2754455804824829,-0.2597507834434509,0.9255591630935669,0,0.0029090000316500664,0.054214999079704285,0,1,0.9605409502983093,0.2750152349472046,0.041560690850019455,0,-0.21242772042751312,0.6289209723472595,0.7478860020637512,0,0.1795417070388794,-0.727203905582428,0.6625252962112427,0,0.0278680007904768,0.17862799763679504,-0.0024870000779628754,1,0.9970919489860535,0.07213606685400009,0.024580910801887512,0,-0.07290492951869965,0.8089352250099182,0.5833597183227539,0,0.02219691127538681,-0.5834553241729736,0.8118418455123901,0,-0.00008099999831756577,0.0418579988181591,0,1,0.9997919797897339,0.02009493112564087,0.0033479079138487577,0,-0.020132068544626236,0.949444055557251,0.31329095363616943,0,0.003116907784715295,-0.31329312920570374,0.9496509432792664,0,0.00025499999173916876,0.04016900062561035,0,1,0.9725319743156433,0.23175594210624695,0.021693630144000053,0,-0.1816420555114746,0.6973348259925842,0.693347156047821,0,0.1455596387386322,-0.6782428622245789,0.7202771306037903,0,-0.0278680007904768,0.17259399592876434,-0.004838000051677227,1,0.9992700219154358,0.03685428202152252,0.010020206682384014,0,-0.03745071589946747,0.8940971493721008,0.4463047981262207,0,0.0074892062693834305,-0.44635429978370667,0.8948248028755188,0,0.00023099999816622585,0.046762000769376755,0,1,0.9999990463256836,0.0013638170203194022,-0.0007362642791122198,0,-0.0012841790448874235,0.9950810074806213,0.0990549847483635,0,0.000867735652718693,-0.09905397891998291,0.9950820207595825,0,-0.000009000000318337698,0.039399001747369766,0,1,-0.9688290357589722,-0.03259708359837532,0.24557602405548096,0,0.24651692807674408,-0.22483529150485992,0.9426969289779663,0,0.024484988301992416,0.9738510847091675,0.22586271166801453,0,0.08701500296592712,-0.05850600078701973,-0.02312999963760376,1,0.9781202077865601,-0.1765926033258438,0.10998371243476868,0,0.11718142777681351,0.03082900308072567,-0.9926319122314453,0,0.1719007045030594,0.9838010668754578,0.05084782466292381,0,0,0.41554099321365356,0,1,0.9921339750289917,0.10505595803260803,-0.0680619329214096,0,0.019368954002857208,0.4083388149738312,0.9126250743865967,0,0.12366906553506851,-0.9067649245262146,0.40309208631515503,0,0,0.38332900404930115,0,1,0.9980310797691345,0,0.06271795928478241,0,-0.025779081508517265,0.9116201400756836,0.4102237820625305,0,-0.057175036519765854,-0.4110332131385803,0.9098259210586548,0,0,0.1468620002269745,0,1,-0.9886841773986816,0.009237023070454597,-0.14972873032093048,0,-0.14850398898124695,-0.2014993131160736,0.9681659936904907,0,-0.021227248013019562,0.9794450402259827,0.20059069991111755,0,-0.08701500296592712,-0.05850600078701973,-0.021021999418735504,1,0.9873400330543518,-0.15381819009780884,-0.038731612265110016,0,-0.04370919615030289,-0.029110178351402283,-0.9986199736595154,0,0.15247836709022522,0.9876699447631836,-0.035464897751808167,0,0,0.41555100679397583,0,1,0.9944090247154236,-0.10012723505496979,0.033532630652189255,0,0.001642747432924807,0.3321957588195801,0.9432090520858765,0,-0.10558035969734192,-0.9378808736801147,0.33050307631492615,0,0,0.38322699069976807,0,1,0.9981650114059448,0.00004304293543100357,-0.0605529360473156,0,0.02487204223871231,0.9114571213722229,0.4106428921222687,0,0.055209048092365265,-0.4113951623439789,0.9097829461097717,0,0,0.14737600088119507,0,1
