2.700,30,80,49
B0,mixamorig_Hips,-1,0.8353498578071594,0.15707015991210938,0.5268011093139648,0,-0.015104873105883598,0.964506983757019,-0.263623982667923,0,-0.5495107769966125,0.21226096153259277,0.8080732226371765,0,0.023831000551581383,0.835877001285553,0.0068870000541210175,1
B1,mixamorig_Spine,0,0.9928039908409119,-0.026853900402784348,0.11670199781656265,0,0.0056161112152040005,0.9839010238647461,0.17862488329410553,0,-0.11962002515792847,-0.17668414115905762,0.9769719839096069,0,0,0.115557000041008,-0.010862000286579132,1
B2,mixamorig_Spine1,1,0.9986240267753601,-0.022870304062962532,0.047183871269226074,0,0.020082680508494377,0.9980720281600952,0.058731187134981155,0,-0.04843610152602196,-0.057702794671058655,0.9971579909324646,0,0,0.13541099429130554,0,1
B3,mixamorig_Spine2,2,0.9985759258270264,-0.023063980042934418,0.04809914901852608,0,0.02027701586484909,0.9981309771537781,0.05764617398381233,0,-0.04933883994817734,-0.05658882483839989,0.9971780776977539,0,0,0.15475499629974365,0,1
B4,mixamorig_Neck,3,0.953851044178009,-0.07233995944261551,-0.2914348840713501,0,0.1487751454114914,0.9569008946418762,0.24941127002239227,0,0.26083213090896606,-0.281259685754776,0.923504114151001,0,0,0.17409999668598175,0,1
B5,mixamorig_Head,4,0.9821739196777344,0.12083427608013153,-0.14399299025535583,0,-0.07241172343492508,0.95011305809021,0.3033849895000458,0,0.1734689325094223,-0.28755003213882446,0.9419260621070862,0,0,0.08386600017547607,0.014653000049293041,1
B6,mixamorig_HeadTop_End,5,1,0,0,0,0,1,0,0,0,0,1,0,0,0.264737993478775,0.046254001557826996,1
B7,mixamorig_LeftShoulder,3,0.12171812355518341,0.012883275747299194,-0.9924809336662292,0,0.8904818296432495,-0.443101167678833,0.10345704108476639,0,-0.4384367763996124,-0.8963791131973267,-0.06540573388338089,0,0.07487399876117706,0.15380500257015228,-0.002010999945923686,1
B8,mixamorig_LeftArm,7,0.6322641372680664,0.3351699411869049,0.6985008120536804,0,-0.5410311222076416,0.8363418579101562,0.08841494470834732,0,-0.5545511245727539,-0.4338119924068451,0.7101258635520935,0,0,0.14695900678634644,0,1
B9,mixamorig_LeftForeArm,8,0.26542580127716064,0.9608811140060425,0.07909682393074036,0,-0.9613848924636841,0.2575893998146057,0.09688833355903625,0,0.0727236419916153,-0.10175912082195282,0.9921470284461975,0,0,0.3050200045108795,0,1
B10,mixamorig_LeftHand,9,-0.523460865020752,0.24851800501346588,0.8150022029876709,0,0.5570170879364014,0.8236289620399475,0.10661319643259048,0,-0.6447640061378479,0.509777843952179,-0.5695661902427673,0,0,0.18424899876117706,0,1
B11,mixamorig_LeftHandThumb1,10,0.9758331179618835,0.1956796795129776,-0.09725797176361084,0,-0.13843129575252533,0.8979640007019043,0.41772890090942383,0,0.16907519102096558,-0.39417004585266113,0.9033509492874146,0,-0.03313000127673149,0.09096600115299225,0.013790000230073929,1
B12,mixamorig_LeftHandThumb2,11,0.9282109141349792,-0.1844029426574707,-0.3231392502784729,0,0.19652995467185974,0.9804850220680237,0.005003788974136114,0,0.3159106373786926,-0.06815114617347717,0.9463380575180054,0,-0.0014090000186115503,0.0782179981470108,0,1
B13,mixamorig_LeftHandThumb3,12,0.8908089399337769,0.4536641538143158,-0.02547399140894413,0,-0.4543648362159729,0.888947069644928,-0.05765921249985695,0,-0.0035128879826515913,0.06293782591819763,0.99801105260849,0,-0.005520000122487545,0.05680200085043907,0,1
B14,mixamorig_LeftHandThumb4,13,1,0,0,0,0,1,0,0,0,0,1,0,0.006930000148713589,0.0340690016746521,0,1
B15,mixamorig_LeftHandIndex1,10,0.9813870191574097,-0.19202810525894165,-0.001997963758185506,0,0.15586400032043457,0.7904012799263,0.5924297571182251,0,-0.11218396574258804,-0.5817142724990845,0.8056197762489319,0,-0.0290949996560812,0.2116370052099228,-0.002065999899059534,1
B16,mixamorig_LeftHandIndex2,15,0.9963570237159729,-0.07441152632236481,-0.04166417568922043,0,0.0732065886259079,0.4956569969654083,0.8654270768165588,0,-0.04374663159251213,-0.8653249144554138,0.499299019575119,0,0.00007400000322377309,0.03825400024652481,0,1
B17,mixamorig_LeftHandIndex3,16,0.9992499947547913,-0.03781190142035484,-0.008310195989906788,0,0.03789800405502319,0.9115309715270996,0.40947991609573364,0,-0.00790821947157383,-0.4094880223274231,0.9122809171676636,0,0.000037999998312443495,0.043081000447273254,0,1
B18,mixamorig_LeftHandIndex4,17,1,0,0,0,0,1,0,0,0,0,1,0,-0.00011200000153621659,0.025474999099969864,0,1
B19,mixamorig_LeftHandMiddle1,10,0.976065993309021,-0.21734321117401123,-0.0075910016894340515,0,0.13964785635471344,0.5996220111846924,0.7880050539970398,0,-0.1667158305644989,-0.7702049612998962,0.6156221032142639,0,0.0290949996560812,0.20932500064373016,-0.0017180000431835651,1
B20,mixamorig_LeftHandMiddle2,19,0.9954739809036255,-0.08007073402404785,-0.051179997622966766,0,0.08023110777139664,0.4195220172405243,0.9041919112205505,0,-0.05092824622988701,-0.9042069911956787,0.42404797673225403,0,0.00007699999696342275,0.04418199881911278,0,1
B21,mixamorig_LeftHandMiddle3,20,0.9997169971466064,-0.02343803644180298,-0.0041611697524785995,0,0.023584911599755287,0.9515511393547058,0.3065837621688843,0,-0.003226155648007989,-0.30659520626068115,0.9518349170684814,0,-0.00007599999662488699,0.039101000875234604,0,1
B22,mixamorig_LeftHandMiddle4,21,1,0,0,0,0,1,0,0,0,0,1,0,0,0.024484999477863312,0,1
B23,mixamorig_RightShoulder,3,0.06041872128844261,-0.014912913553416729,0.9980620741844177,0,-0.8894279599189758,-0.45464813709259033,0.04704916104674339,0,0.4530649483203888,-0.8905460834503174,-0.04073318839073181,0,-0.07487399876117706,0.15378600358963013,-0.0018060000147670507,1
B24,mixamorig_RightArm,23,0.3633933663368225,-0.9249238967895508,-0.11162898689508438,0,0.8523908853530884,0.281729519367218,0.44052037596702576,0,-0.3759985864162445,-0.25523367524147034,0.8907752633094788,0,0,0.14695900678634644,0,1
B25,mixamorig_RightForeArm,24,-0.17897263169288635,-0.976097047328949,-0.12330194562673569,0,0.9765559434890747,-0.19148136675357819,0.09835699200630188,0,-0.11961596459150314,-0.10280802100896835,0.987483024597168,0,0,0.30505499243736267,0,1
B26,mixamorig_RightHand,25,0.6886767745018005,0.40566718578338623,-0.6009642481803894,0,-0.562466561794281,0.821936309337616,-0.08973095566034317,0,0.4575536549091339,0.39981815218925476,0.7942231297492981,0,0,0.18424899876117706,0,1
B27,mixamorig_RightHandThumb1,26,0.9650650024414062,-0.25912290811538696,0.03879145160317421,0,0.17916730046272278,0.7606828808784485,0.6239070892333984,0,-0.19117671251296997,-0.5951610207557678,0.7805351614952087,0,0.032903000712394714,0.09380000084638596,0.018118999898433685,1
B28,mixamorig_RightHandThumb2,27,0.8415496945381165,0.4326312839984894,0.32345739006996155,0,-0.3843168616294861,0.900313138961792,-0.2042987197637558,0,-0.3795987069606781,0.04761739447712898,0.9239251613616943,0,0.0038660001009702682,0.08074100315570831,0,1
B29,mixamorig_RightHandThumb3,28,0.696553111076355,0.7109039425849915,-0.09710200130939484,0,-0.6957401037216187,0.6361299753189087,-0.3335929214954376,0,-0.1753830909729004,0.29992303252220154,0.937703013420105,0,0.000598000013269484,0.05323699861764908,0,1
B30,mixamorig_RightHandThumb4,29,1,0,0,0,0,1,0,0,0,0,1,0,-0.0044639999978244305,0.031168000772595406,0,1
B31,mixamorig_RightHandIndex1,26,0.9966359734535217,0.08142412453889847,-0.009299976751208305,0,-0.07777487486600876,0.9754830598831177,0.20587286353111267,0,0.025835007429122925,-0.20445716381072998,0.9785350561141968,0,0.024845000356435776,0.21531400084495544,-0.002767999889329076,1
B32,mixamorig_RightHandIndex2,31,0.9996060729026794,0.027091676369309425,0.0073816957883536816,0,-0.026750436052680016,0.8388869762420654,0.5436479449272156,0,0.00853592250496149,-0.5436310768127441,0.8392810225486755,0,0.000009999999747378752,0.041916001588106155,0,1
B33,mixamorig_RightHandIndex3,32,0.9994370341300964,0.03232637792825699,0.00900713074952364,0,-0.03252660855650902,0.867154061794281,0.4969780147075653,0,0.008254925720393658,-0.49699100852012634,0.8677169680595398,0,-0.00007999999797903001,0.03949600085616112,0,1
B34,mixamorig_RightHandIndex4,33,1,0,0,0,0,1,0,0,0,0,1,0,0.00007000000186963007,0.02756199985742569,0,1
B35,mixamorig_RightHandMiddle1,26,0.9732450842857361,0.22295278310775757,0.05555707961320877,0,-0.18277502059936523,0.6046866774559021,0.7752081751823425,0,0.13924014568328857,-0.7646217346191406,0.6292583346366882,0,-0.024845000356435776,0.2111939936876297,-0.0017819999484345317,1
B36,mixamorig_RightHandMiddle2,35,0.9958249926567078,0.05023505538702011,0.07621084153652191,0,-0.05381713807582855,-0.35124149918556213,0.9347368478775024,0,0.07372498512268066,-0.9349361062049866,-0.34707167744636536,0,0.00007599999662488699,0.03627699986100197,0,1
B37,mixamorig_RightHandMiddle3,36,0.9998900294303894,0.014703615568578243,0.0020481450483202934,0,-0.014578317292034626,0.9464390873908997,0.3225539028644562,0,0.0028042630292475224,-0.32254812121391296,0.9465488791465759,0,-0.000003000000106112566,0.04137500002980232,0,1
B38,mixamorig_RightHandMiddle4,37,1,0,0,0,0,1,0,0,0,0,1,0,-0.00007400000322377309,0.02698099985718727,0,1
B39,mixamorig_LeftUpLeg,0,-0.9657800793647766,0.1650933474302292,0.2000330686569214,0,-0.16146263480186462,-0.986277163028717,0.03444628044962883,0,0.20297488570213318,0.0009696637280285358,0.97918301820755,0,0.08867000043392181,-0.06413000077009201,-0.02200300060212612,1
B40,mixamorig_LeftLeg,39,0.9881619811058044,-0.010773761197924614,0.15303485095500946,0,0.10323227196931839,0.7846019864082336,-0.6113449931144714,0,-0.1134849563241005,0.6199060082435608,0.7764260172843933,0,0,0.3963479995727539,0,1
B41,mixamorig_LeftFoot,40,0.9798089265823364,0.1989443153142929,-0.019884053617715836,0,-0.005051993299275637,0.12405573576688766,0.9922620058059692,0,0.19987168908119202,-0.9721270799636841,0.12255603075027466,0,0,0.3364959955215454,0,1
B42,mixamorig_LeftToeBase,41,0.9963939785957336,-0.0019560474902391434,0.08482875674962997,0,-0.042495179921388626,0.8538179397583008,0.5188340544700623,0,-0.07344317436218262,-0.5205679535865784,0.8506559729576111,0,0,0.1492290049791336,0,1
B43,mixamorig_LeftToe_End,42,1,0,0,0,0,1,0,0,0,0,1,0,0,0.07995100319385529,0,1
B44,mixamorig_RightUpLeg,0,-0.9574009776115417,0.16916897892951965,0.2340201884508133,0,-0.081181101500988,-0.9354239702224731,0.3440808355808258,0,0.2771158218383789,0.3104252219200134,0.9093089699745178,0,-0.08867000043392181,-0.06413000077009201,-0.02048099972307682,1
B45,mixamorig_RightLeg,44,0.9763720631599426,-0.16920393705368042,0.13441957533359528,0,0.15274041891098022,0.10032515227794647,-0.9831607937812805,0,0.15286904573440552,0.9804620146751404,0.12379895895719528,0,0,0.3963190019130707,0,1
B46,mixamorig_RightFoot,45,0.989098072052002,0.13338369131088257,0.06239676848053932,0,-0.12173441052436829,0.5022163391113281,0.8561307787895203,0,0.08285719901323318,-0.8543931245803833,0.5129786133766174,0,0,0.3364500105381012,0,1
B47,mixamorig_RightToeBase,46,0.9972730278968811,0.004358257167041302,-0.07366529852151871,0,0.042205002158880234,0.7851860523223877,0.6178207993507385,0,0.06053359434008598,-0.6192450523376465,0.7828609347343445,0,0,0.14872199296951294,0,1
B48,mixamorig_RightToe_End,47,1,0,0,0,0,1,0,0,0,0,1,0,0,0.07783599942922592,0,1
@40,0,1,2,3,4,5,7,8,9,10,11,12,13,15,16,17,19,20,21,23,24,25,26,27,28,29,31,32,33,35,36,37,39,40,41,42,44,45,46,47
K0,0.8353497982025146,0.15707015991210938,0.5268011689186096,0,-0.015104837715625763,0.964506983757019,-0.26362401247024536,0,-0.5495108366012573,0.21226097643375397,0.8080731630325317,0,0.023831000551581383,0.835877001285553,0.0068870000541210175,1,0.9928039908409119,-0.0268538910895586,0.11670198291540146,0,0.005616107955574989,0.9839010238647461,0.17862486839294434,0,-0.11962001025676727,-0.17668412625789642,0.9769719839096069,0,0,0.115557000041008,-0.010862000286579132,1,0.9986240267753601,-0.022870315238833427,0.04718388244509697,0,0.020082687959074974,0.9980720281600952,0.05873120203614235,0,-0.04843611642718315,-0.05770280957221985,0.9971579909324646,0,0,0.13541099429130554,0,1,0.9985759258270264,-0.023063980042934418,0.048099152743816376,0,0.02027701586484909,0.9981309771537781,0.05764617398381233,0,-0.049338843673467636,-0.05658882111310959,0.9971780776977539,0,0,0.15475499629974365,0,1,0.953851044178009,-0.07233990728855133,-0.2914348840713501,0,0.14877508580684662,0.9569008946418762,0.24941129982471466,0,0.26083213090896606,-0.2812597155570984,0.923504114151001,0,0,0.17409999668598175,0,1,0.9821739196777344,0.12083427608013153,-0.1439930498600006,0,-0.07241170853376389,0.95011305809021,0.3033849895000458,0,0.17346897721290588,-0.28755003213882446,0.9419260025024414,0,0,0.08386600017547607,0.014653000049293041,1,0.1217178925871849,0.012883211486041546,-0.9924810528755188,0,0.8904818296432495,-0.4431014358997345,0.10345691442489624,0,-0.43843698501586914,-0.8963790535926819,-0.06540568917989731,0,0.07487399876117706,0.15380500257015228,-0.002010999945923686,1,0.6322641372680664,0.33516988158226013,0.6985008120536804,0,-0.5410310626029968,0.8363418579101562,0.08841495215892792,0,-0.5545510649681091,-0.4338120222091675,0.7101258635520935,0,0,0.14695900678634644,0,1,0.2654256522655487,0.9608811140060425,0.07909657061100006,0,-0.9613848924636841,0.25758928060531616,0.09688817709684372,0,0.07272356748580933,-0.10175881534814835,0.9921470880508423,0,0,0.3050200045108795,0,1,-0.523460865020752,0.24851800501346588,0.8150021433830261,0,0.5570170283317566,0.8236289620399475,0.10661319643259048,0,-0.6447639465332031,0.5097777843475342,-0.5695661902427673,0,0,0.18424899876117706,0,1,0.9758331179618835,0.1956796795129776,-0.09725789725780487,0,-0.13843132555484772,0.8979640007019043,0.41772890090942383,0,0.1690751165151596,-0.39417004585266113,0.9033509492874146,0,-0.03313000127673149,0.09096600115299225,0.013790000230073929,1,0.9282109141349792,-0.18440298736095428,-0.3231393098831177,0,0.19653001427650452,0.9804850220680237,0.005003804806619883,0,0.315910667181015,-0.06815118342638016,0.9463380575180054,0,-0.0014090000186115503,0.0782179981470108,0,1,0.8908089399337769,0.4536641538143158,-0.025473937392234802,0,-0.4543648362159729,0.888947069644928,-0.05765920877456665,0,-0.0035129343159496784,0.06293779611587524,0.99801105260849,0,-0.005520000122487545,0.05680200085043907,0,1,0.9813870191574097,-0.19202806055545807,-0.001997946295887232,0,0.155863955616951,0.7904012799263,0.5924297571182251,0,-0.11218395829200745,-0.5817142724990845,0.8056197762489319,0,-0.0290949996560812,0.2116370052099228,-0.002065999899059534,1,0.9963570237159729,-0.07441162317991257,-0.041663870215415955,0,0.07320637255907059,0.4956569969654083,0.8654270768165588,0,-0.04374687001109123,-0.865324854850769,0.499299019575119,0,0.00007400000322377309,0.03825400024652481,0,1,0.9992499947547913,-0.037811946123838425,-0.008310218341648579,0,0.03789805248379707,0.9115309715270996,0.40947991609573364,0,-0.00790821760892868,-0.4094880223274231,0.9122809171676636,0,0.000037999998312443495,0.043081000447273254,0,1,0.976065993309021,-0.21734322607517242,-0.007590895518660545,0,0.13964778184890747,0.5996220111846924,0.7880050539970398,0,-0.16671590507030487,-0.7702049612998962,0.6156221032142639,0,0.0290949996560812,0.20932500064373016,-0.0017180000431835651,1,0.9954739809036255,-0.08007074147462845,-0.051180168986320496,0,0.08023126423358917,0.4195219874382019,0.9041919112205505,0,-0.05092817544937134,-0.9042069911956787,0.42404797673225403,0,0.00007699999696342275,0.04418199881911278,0,1,0.9997169971466064,-0.023438062518835068,-0.004161166958510876,0,0.023584935814142227,0.9515511393547058,0.3065837621688843,0,-0.003226167056709528,-0.30659523606300354,0.9518349170684814,0,-0.00007599999662488699,0.039101000875234604,0,1,0.060418497771024704,-0.014913047663867474,0.9980621337890625,0,-0.8894280195236206,-0.45464828610420227,0.047048937529325485,0,0.45306503772735596,-0.8905460834503174,-0.040733274072408676,0,-0.07487399876117706,0.15378600358963013,-0.0018060000147670507,1,0.3633931875228882,-0.9249240159988403,-0.11162879317998886,0,0.8523909449577332,0.28172940015792847,0.4405204653739929,0,-0.37599876523017883,-0.255233496427536,0.8907752633094788,0,0,0.14695900678634644,0,1,-0.17897263169288635,-0.976097047328949,-0.12330195307731628,0,0.9765559434890747,-0.19148136675357819,0.09835698455572128,0,-0.11961595714092255,-0.10280802100896835,0.987483024597168,0,0,0.30505499243736267,0,1,0.688676655292511,0.405667245388031,-0.6009643077850342,0,-0.5624666213989258,0.8219362497329712,-0.08973082154989243,0,0.4575537145137787,0.39981815218925476,0.7942230701446533,0,0,0.18424899876117706,0,1,0.9650650024414062,-0.25912272930145264,0.03879141807556152,0,0.17916721105575562,0.7606828808784485,0.6239070892333984,0,-0.19117659330368042,-0.5951610207557678,0.7805351614952087,0,0.032903000712394714,0.09380000084638596,0.018118999898433685,1,0.8415497541427612,0.4326311945915222,0.32345741987228394,0,-0.3843167722225189,0.9003131985664368,-0.20429864525794983,0,-0.3795986771583557,0.0476173534989357,0.9239251613616943,0,0.0038660001009702682,0.08074100315570831,0,1,0.696553111076355,0.7109038829803467,-0.09710206091403961,0,-0.6957400441169739,0.6361299753189087,-0.3335929214954376,0,-0.175383061170578,0.2999230623245239,0.937703013420105,0,0.000598000013269484,0.05323699861764908,0,1,0.9966359734535217,0.08142412453889847,-0.009299986064434052,0,-0.07777487486600876,0.9754830598831177,0.20587286353111267,0,0.02583501674234867,-0.20445716381072998,0.9785350561141968,0,0.024845000356435776,0.21531400084495544,-0.002767999889329076,1,0.9996060729026794,0.027091586962342262,0.007381793111562729,0,-0.026750413700938225,0.8388869762420654,0.5436479449272156,0,0.008535792119801044,-0.5436310768127441,0.8392810225486755,0,0.000009999999747378752,0.041916001588106155,0,1,0.9994370341300964,0.03232641518115997,0.009007031098008156,0,-0.03252658620476723,0.867154061794281,0.4969780147075653,0,0.008255030028522015,-0.49699100852012634,0.8677169680595398,0,-0.00007999999797903001,0.03949600085616112,0,1,0.9732450246810913,0.22295287251472473,0.055557169020175934,0,-0.18277513980865479,0.6046866178512573,0.7752082347869873,0,0.13924016058444977,-0.7646217942237854,0.6292582750320435,0,-0.024845000356435776,0.2111939936876297,-0.0017819999484345317,1,0.9958249926567078,0.050234854221343994,0.07621077448129654,0,-0.05381714180111885,-0.35124146938323975,0.9347368478775024,0,0.07372477650642395,-0.9349361658096313,-0.34707167744636536,0,0.00007599999662488699,0.03627699986100197,0,1,0.9998900294303894,0.014703638851642609,0.002048209309577942,0,-0.014578360132873058,0.9464390873908997,0.3225538730621338,0,0.0028042092453688383,-0.3225480914115906,0.9465489387512207,0,-0.000003000000106112566,0.04137500002980232,0,1,-0.9657800793647766,0.16509337723255157,0.20003309845924377,0,-0.161462664604187,-0.986277163028717,0.034446313977241516,0,0.20297491550445557,0.0009696859633550048,0.97918301820755,0,0.08867000043392181,-0.06413000077009201,-0.02200300060212612,1,0.9881619811058044,-0.010773709043860435,0.15303494036197662,0,0.10323228687047958,0.7846019864082336,-0.6113449931144714,0,-0.11348506063222885,0.6199060082435608,0.7764260172843933,0,0,0.3963479995727539,0,1,0.9798089265823364,0.19894425570964813,-0.019884340465068817,0,-0.0050517357885837555,0.12405592203140259,0.9922620058059692,0,0.19987167418003082,-0.9721270799636841,0.1225561574101448,0,0,0.3364959955215454,0,1,0.9963939785957336,-0.0019561219960451126,0.08482877165079117,0,-0.04249512404203415,0.8538179397583008,0.5188340544700623,0,-0.07344323396682739,-0.5205679535865784,0.8506559133529663,0,0,0.1492290049791336,0,1,-0.9574009776115417,0.16916891932487488,0.2340202033519745,0,-0.08118104934692383,-0.9354239702224731,0.34408077597618103,0,0.2771158218383789,0.3104252219200134,0.9093090295791626,0,-0.08867000043392181,-0.06413000077009201,-0.02048099972307682,1,0.9763721227645874,-0.16920354962348938,0.13441963493824005,0,0.15274041891098022,0.10032504796981812,-0.9831608533859253,0,0.15286865830421448,0.9804621338844299,0.12379880249500275,0,0,0.3963190019130707,0,1,0.989098072052002,0.13338352739810944,0.06239696964621544,0,-0.12173449248075485,0.5022163391113281,0.856130838394165,0,0.08285696059465408,-0.8543932437896729,0.5129785537719727,0,0,0.3364500105381012,0,1,0.9972730278968811,0.004358151461929083,-0.07366539537906647,0,0.042205147445201874,0.7851860523223877,0.6178207993507385,0,0.06053359806537628,-0.6192451119422913,0.7828609347343445,0,0,0.14872199296951294,0,1
K0.034,0.8458992838859558,0.1556023210287094,0.5101388096809387,0,-0.019637368619441986,0.9649329781532288,-0.26176127791404724,0,-0.5329805016517639,0.2114059329032898,0.819291889667511,0,0.024776514619588852,0.8405133485794067,0.00697835348546505,1,0.9913410544395447,-0.023062393069267273,0.1292709857225418,0,-0.0001948472490767017,0.9841965436935425,0.17707830667495728,0,-0.13131190836429596,-0.17557018995285034,0.9756699800491333,0,0,0.115557000041008,-0.010862000286579132,1,0.998469889163971,-0.02217762917280197,0.05064690113067627,0,0.019144276157021523,0.9980379939079285,0.05961139127612114,0,-0.05186958238482475,-0.05855059251189232,0.9969356656074524,0,0,0.13541099429130554,0,1,0.9984208941459656,-0.022387290373444557,0.05152950808405876,0,0.019358627498149872,0.9980970621109009,0.05854184925556183,0,-0.05274201184511185,-0.05745182931423187,0.9969537258148193,0,0,0.15475499629974365,0,1,0.9531682133674622,-0.07439591735601425,-0.2931462228298187,0,0.1508709192276001,0.957022488117218,0.2476811707019806,0,0.26212117075920105,-0.28030920028686523,0.9234279990196228,0,0,0.17409999668598175,0,1,0.9821739792823792,0.12083477526903152,-0.14399296045303345,0,-0.07241219282150269,0.9501129984855652,0.30338504910469055,0,0.17346903681755066,-0.28755003213882446,0.9419260025024414,0,0,0.08386600017547607,0.014653000049293041,1,0.12689310312271118,0.012753630056977272,-0.9918342232704163,0,0.8890184760093689,-0.4449479579925537,0.1080176830291748,0,-0.4399372637271881,-0.8954662084579468,-0.06779910624027252,0,0.07487399876117706,0.15380500257015228,-0.002010999945923686,1,0.6341946721076965,0.3275074362754822,0.7003828883171082,0,-0.5359082221984863,0.8391531109809875,0.09286533296108246,0,-0.5573141574859619,-0.43423548340797424,0.7077000737190247,0,0,0.14695900678634644,0,1,0.2677474617958069,0.9602558016777039,0.07886356115341187,0,-0.9607589244842529,0.2599356770515442,0.09682600200176239,0,0.07247834652662277,-0.10169387608766556,0.992172360420227,0,0,0.3050200045108795,0,1,-0.5266739130020142,0.24575096368789673,0.813770055770874,0,0.5499029755592346,0.8285140991210938,0.1056949570775032,0,-0.6482450366020203,0.5031611323356628,-0.5714957118034363,0,0,0.18424899876117706,0,1,0.9758330583572388,0.19567978382110596,-0.09725838899612427,0,-0.13843122124671936,0.8979640007019043,0.4177289307117462,0,0.1690756380558014,-0.3941700756549835,0.9033510684967041,0,-0.03313000127673149,0.09096600115299225,0.013790000230073929,1,0.9282109141349792,-0.18440298736095428,-0.3231393098831177,0,0.1965300291776657,0.9804850220680237,0.005003809928894043,0,0.315910667181015,-0.06815119832754135,0.9463380575180054,0,-0.0014090000186115503,0.0782179981470108,0,1,0.8908079862594604,0.45366397500038147,-0.02547331340610981,0,-0.4543650150299072,0.8889470100402832,-0.057658836245536804,0,-0.0035133122000843287,0.0629371851682663,0.9980109930038452,0,-0.005520000122487545,0.05680200085043907,0,1,0.9813870191574097,-0.19202806055545807,-0.001997946295887232,0,0.155863955616951,0.7904012799263,0.5924297571182251,0,-0.11218395829200745,-0.5817142724990845,0.8056197762489319,0,-0.0290949996560812,0.2116370052099228,-0.002065999899059534,1,0.9963569641113281,-0.07441208511590958,-0.041664157062768936,0,0.07320690900087357,0.49565714597702026,0.8654279112815857,0,-0.04374714568257332,-0.8653250336647034,0.4992987811565399,0,0.00007400000322377309,0.03825400024652481,0,1,0.9992499947547913,-0.03781183436512947,-0.008310729637742043,0,0.037898167967796326,0.9115309715270996,0.4094809293746948,0,-0.007907742634415627,-0.40948906540870667,0.9122810363769531,0,0.000037999998312443495,0.043081000447273254,0,1,0.976065993309021,-0.21734322607517242,-0.007590895518660545,0,0.13964778184890747,0.5996220111846924,0.7880050539970398,0,-0.16671590507030487,-0.7702049612998962,0.6156221032142639,0,0.0290949996560812,0.20932500064373016,-0.0017180000431835651,1,0.9954739809036255,-0.08007072657346725,-0.05118013545870781,0,0.08023127913475037,0.4195225238800049,0.9041920900344849,0,-0.05092814192175865,-0.9042068123817444,0.42404836416244507,0,0.00007699999696342275,0.04418199881911278,0,1,0.9997169971466064,-0.02343805693089962,-0.004161152057349682,0,0.023584939539432526,0.9515519738197327,0.30658286809921265,0,-0.0032261523883789778,-0.3065941035747528,0.951835036277771,0,-0.00007599999662488699,0.039101000875234604,0,1,0.05750865861773491,-0.014904530718922615,0.9982336759567261,0,-0.8921143412590027,-0.44959503412246704,0.04468220844864845,0,0.44813477993011475,-0.8931078910827637,-0.0391521193087101,0,-0.07487399876117706,0.15378600358963013,-0.0018060000147670507,1,0.3602176010608673,-0.9261859655380249,-0.11146000772714615,0,0.8516578674316406,0.2777451276779175,0.44445106387138367,0,-0.38068678975105286,-0.25502485036849976,0.8888421654701233,0,0,0.14695900678634644,0,1,-0.17322011291980743,-0.9772071838378906,-0.12272290140390396,0,0.9776663184165955,-0.18566779792308807,0.0984693318605423,0,-0.11901059001684189,-0.10292515903711319,0.9875436425209045,0,0,0.30505499243736267,0,1,0.69405198097229,0.4041120409965515,-0.5958057045936584,0,-0.5586763620376587,0.8242996335029602,-0.09170947223901749,0,0.4540618062019348,0.39651399850845337,0.797875165939331,0,0,0.18424899876117706,0,1,0.9650649428367615,-0.2591230273246765,0.0387907549738884,0,0.17916792631149292,0.7606831192970276,0.6239078044891357,0,-0.19117625057697296,-0.5951611995697021,0.7805347442626953,0,0.032903000712394714,0.09380000084638596,0.018118999898433685,1,0.8415499329566956,0.43263113498687744,0.3234570622444153,0,-0.3843168616294861,0.9003130197525024,-0.20429804921150208,0,-0.3795979619026184,0.04761696606874466,0.92392498254776,0,0.0038660001009702682,0.08074100315570831,0,1,0.6965528726577759,0.710904061794281,-0.0971025675535202,0,-0.695740818977356,0.6361302137374878,-0.33359283208847046,0,-0.1753825843334198,0.2999231815338135,0.9377030730247498,0,0.000598000013269484,0.05323699861764908,0,1,0.9966359734535217,0.08142412453889847,-0.009299986064434052,0,-0.07777487486600876,0.9754830598831177,0.20587286353111267,0,0.02583501674234867,-0.20445716381072998,0.9785350561141968,0,0.024845000356435776,0.21531400084495544,-0.002767999889329076,1,0.9996060729026794,0.027091098949313164,0.0073816427029669285,0,-0.02674991264939308,0.8388867378234863,0.5436472296714783,0,0.008535642176866531,-0.5436307191848755,0.8392812609672546,0,0.000009999999747378752,0.041916001588106155,0,1,0.9994370341300964,0.03232641518115997,0.009007031098008156,0,-0.03252658620476723,0.867154061794281,0.4969780147075653,0,0.008255030028522015,-0.49699100852012634,0.8677169680595398,0,-0.00007999999797903001,0.03949600085616112,0,1,0.9732450246810913,0.2229529321193695,0.0555572472512722,0,-0.18277506530284882,0.6046859622001648,0.7752079367637634,0,0.13924023509025574,-0.7646219730377197,0.6292579770088196,0,-0.024845000356435776,0.2111939936876297,-0.0017819999484345317,1,0.9958249926567078,0.050234854221343994,0.07621077448129654,0,-0.05381714180111885,-0.35124146938323975,0.9347368478775024,0,0.07372477650642395,-0.9349361658096313,-0.34707167744636536,0,0.00007599999662488699,0.03627699986100197,0,1,0.9998900294303894,0.014703142456710339,0.0020481233950704336,0,-0.014577857218682766,0.9464389085769653,0.3225533366203308,0,0.00280412333086133,-0.32254767417907715,0.9465490579605103,0,-0.000003000000106112566,0.04137500002980232,0,1,-0.9634528160095215,0.18059663474559784,0.19784465432167053,0,-0.18971045315265656,-0.9814414978027344,-0.027961496263742447,0,0.18912328779697418,-0.06447280943393707,0.9798340201377869,0,0.08867000043392181,-0.06413000077009201,-0.02200300060212612,1,0.988171398639679,-0.019854886457324028,0.15206220746040344,0,0.10212689638137817,0.8249119520187378,-0.5559589266777039,0,-0.11439941823482513,0.5649123191833496,0.8171820044517517,0,0,0.3963479995727539,0,1,0.9756254553794861,0.2176138460636139,-0.02827870100736618,0,0.0009819164406508207,0.12453508377075195,0.9922148585319519,0,0.21944130957126617,-0.9680575132369995,0.12128587067127228,0,0,0.3364959955215454,0,1,0.9963725805282593,-0.00186022964771837,0.08507298678159714,0,-0.04245224595069885,0.8555915951728821,0.5159081816673279,0,-0.07374746352434158,-0.517648458480835,0.8524093627929688,0,0,0.1492290049791336,0,1,-0.9669209122657776,0.129557266831398,0.21972596645355225,0,-0.04378112033009529,-0.9329183101654053,0.35741546750068665,0,0.25129231810569763,0.3359728455543518,0.9077308773994446,0,-0.08867000043392181,-0.06413000077009201,-0.02048099972307682,1,0.9783254861831665,-0.16892415285110474,0.11976801604032516,0,0.15074123442173004,0.1844203621149063,-0.9712187051773071,0,0.14197459816932678,0.9682217836380005,0.20588694512844086,0,0,0.3963190019130707,0,1,0.983902096748352,0.16608913242816925,0.0659659281373024,0,-0.13700611889362335,0.46402618288993835,0.875162661075592,0,0.11474497616291046,-0.8701112270355225,0.4793110489845276,0,0,0.3364500105381012,0,1,0.9971238970756531,0.005598627496510744,-0.07558146119117737,0,0.042054418474435806,0.7887765765190125,0.6132394671440125,0,0.06305018067359924,-0.6146543025970459,0.7862724661827087,0,0,0.14872199296951294,0,1
K0.067,0.85459965467453,0.15389204025268555,0.49595993757247925,0,-0.0257730595767498,0.9664716720581055,-0.25547757744789124,0,-0.5186471939086914,0.20554868876934052,0.8299127221107483,0,0.024882955476641655,0.8449794054031372,0.007337144110351801,1,0.9900862574577332,-0.017835348844528198,0.13932369649410248,0,-0.006033679470419884,0.9855892062187195,0.1690465658903122,0,-0.14033092558383942,-0.16821129620075226,0.9757106900215149,0,0,0.115557000041008,-0.010862000286579132,1,0.9982925653457642,-0.02191631682217121,0.0541355162858963,0,0.018673444166779518,0.998042106628418,0.05969918519258499,0,-0.05533791705965996,-0.05858636274933815,0.9967473745346069,0,0,0.13541099429130554,0,1,0.9982436299324036,-0.022162040695548058,0.05493789538741112,0,0.01893286406993866,0.9981010556221008,0.058617930859327316,0,-0.05613265559077263,-0.057474832981824875,0.9967674016952515,0,0,0.15475499629974365,0,1,0.9527990221977234,-0.07666371017694473,-0.29376378655433655,0,0.15286798775196075,0.9571310877799988,0.24603182077407837,0,0.26230859756469727,-0.27932581305503845,0.9236724972724915,0,0,0.17409999668598175,0,1,0.9821739196777344,0.12083427608013153,-0.1439930498600006,0,-0.07241170853376389,0.95011305809021,0.3033849895000458,0,0.17346897721290588,-0.28755003213882446,0.9419260025024414,0,0,0.08386600017547607,0.014653000049293041,1,0.13491612672805786,0.01245052833110094,-0.9907792806625366,0,0.885790228843689,-0.4496190845966339,0.11496949940919876,0,-0.4440416991710663,-0.8931335806846619,-0.07168940454721451,0,0.07487399876117706,0.15380500257015228,-0.002010999945923686,1,0.6389434933662415,0.3198133409023285,0.6996222138404846,0,-0.5278465747833252,0.8438608646392822,0.09631792455911636,0,-0.5595799684524536,-0.4308348596096039,0.7079917192459106,0,0,0.14695900678634644,0,1,0.2708420157432556,0.9594130516052246,0.07855172455310822,0,-0.9599161148071289,0.2630634307861328,0.09674045443534851,0,0.07215002179145813,-0.10160452872514725,0.9922054409980774,0,0,0.3050200045108795,0,1,-0.5300405621528625,0.24166741967201233,0.8128059506416321,0,0.541374146938324,0.8341987133026123,0.10500866919755936,0,-0.6526646614074707,0.495691180229187,-0.5729917883872986,0,0,0.18424899876117706,0,1,0.9758330583572388,0.19567978382110596,-0.09725837409496307,0,-0.13843123614788055,0.8979640007019043,0.4177289307117462,0,0.1690756231546402,-0.3941700756549835,0.9033510684967041,0,-0.03313000127673149,0.09096600115299225,0.013790000230073929,1,0.928210973739624,-0.1844038963317871,-0.323138952255249,0,0.19653107225894928,0.9804849624633789,0.0050041950307786465,0,0.31591007113456726,-0.06815178692340851,0.9463379383087158,0,-0.0014090000186115503,0.0782179981470108,0,1,0.8908088803291321,0.4536641538143158,-0.025473441928625107,0,-0.4543648064136505,0.8889471292495728,-0.05765931308269501,0,-0.003513418836519122,0.0629376620054245,0.99801105260849,0,-0.005520000122487545,0.05680200085043907,0,1,0.9813870191574097,-0.19202806055545807,-0.0019980191718786955,0,0.15586397051811218,0.790401041507721,0.592430055141449,0,-0.11218402534723282,-0.581714928150177,0.8056200742721558,0,-0.0290949996560812,0.2116370052099228,-0.002065999899059534,1,0.9963570237159729,-0.07441135495901108,-0.04166436567902565,0,0.07320667058229446,0.4956569969654083,0.8654270172119141,0,-0.04374638944864273,-0.8653249144554138,0.499299019575119,0,0.00007400000322377309,0.03825400024652481,0,1,0.9992499947547913,-0.03781193867325783,-0.008310249075293541,0,0.03789806365966797,0.9115309715270996,0.4094809591770172,0,-0.007908223196864128,-0.40948906540870667,0.9122810363769531,0,0.000037999998312443495,0.043081000447273254,0,1,0.976065993309021,-0.21734322607517242,-0.007590895518660545,0,0.13964778184890747,0.5996220111846924,0.7880050539970398,0,-0.16671590507030487,-0.7702049612998962,0.6156221032142639,0,0.0290949996560812,0.20932500064373016,-0.0017180000431835651,1,0.9954739809036255,-0.08007074147462845,-0.051180168986320496,0,0.08023126423358917,0.4195219874382019,0.9041919112205505,0,-0.05092817544937134,-0.9042069911956787,0.42404797673225403,0,0.00007699999696342275,0.04418199881911278,0,1,0.9997169971466064,-0.02343805693089962,-0.004161158576607704,0,0.023584941402077675,0.9515518546104431,0.30658331513404846,0,-0.0032261584419757128,-0.3065946400165558,0.9518350958824158,0,-0.00007599999662488699,0.039101000875234604,0,1,0.055121488869190216,-0.01489884965121746,0.9983681440353394,0,-0.8938038945198059,-0.446420818567276,0.042686332017183304,0,0.4450565576553345,-0.8946987986564636,-0.03792409971356392,0,-0.07487399876117706,0.15378600358963013,-0.0018060000147670507,1,0.36129263043403625,-0.9261614680290222,-0.10813338309526443,0,0.8475953340530396,0.27786222100257874,0.4520777463912964,0,-0.3886510133743286,-0.25498583912849426,0.8854000568389893,0,0,0.14695900678634644,0,1,-0.16800212860107422,-0.9781833291053772,-0.12219670414924622,0,0.9786431789398193,-0.1803942769765854,0.09856684505939484,0,-0.11846008151769638,-0.1030275821685791,0.9875994920730591,0,0,0.30505499243736267,0,1,0.7014186978340149,0.4016731381416321,-0.5887871980667114,0,-0.5539146661758423,0.8270604610443115,-0.0956510603427887,0,0.4485422670841217,0.3932293951511383,0.8026085495948792,0,0,0.18424899876117706,0,1,0.9650648832321167,-0.2591232359409332,0.038791269063949585,0,0.1791677325963974,0.7606829404830933,0.6239071488380432,0,-0.19117675721645355,-0.5951609015464783,0.7805352210998535,0,0.032903000712394714,0.09380000084638596,0.018118999898433685,1,0.8415499329566956,0.43263113498687744,0.3234570622444153,0,-0.3843168616294861,0.9003130197525024,-0.20429804921150208,0,-0.3795979619026184,0.04761696606874466,0.92392498254776,0,0.0038660001009702682,0.08074100315570831,0,1,0.6965529918670654,0.7109048962593079,-0.09710220992565155,0,-0.6957409977912903,0.6361299157142639,-0.33359307050704956,0,-0.17538315057754517,0.2999229431152344,0.937703013420105,0,0.000598000013269484,0.05323699861764908,0,1,0.9966359734535217,0.08142412453889847,-0.009300005622208118,0,-0.07777486741542816,0.9754829406738281,0.2058723270893097,0,0.02583499811589718,-0.20445667207241058,0.9785351157188416,0,0.024845000356435776,0.21531400084495544,-0.002767999889329076,1,0.9996060729026794,0.02709159068763256,0.007381780538707972,0,-0.026750409975647926,0.8388869762420654,0.5436479449272156,0,0.008535805158317089,-0.5436310768127441,0.8392810225486755,0,0.000009999999747378752,0.041916001588106155,0,1,0.9994370341300964,0.032326437532901764,0.009007041342556477,0,-0.03252658247947693,0.8671531677246094,0.4969777464866638,0,0.008255040273070335,-0.49699121713638306,0.8677168488502502,0,-0.00007999999797903001,0.03949600085616112,0,1,0.9732450246810913,0.22295287251472473,0.05555718392133713,0,-0.18277515470981598,0.6046866178512573,0.7752082347869873,0,0.13924016058444977,-0.7646217942237854,0.6292582750320435,0,-0.024845000356435776,0.2111939936876297,-0.0017819999484345317,1,0.9958249926567078,0.0502348430454731,0.07621079683303833,0,-0.053817152976989746,-0.35124197602272034,0.9347370266914368,0,0.07372479885816574,-0.934935986995697,-0.3470720648765564,0,0.00007599999662488699,0.03627699986100197,0,1,0.9998900294303894,0.014703142456710339,0.0020481233950704336,0,-0.014577857218682766,0.9464389085769653,0.3225533366203308,0,0.00280412333086133,-0.32254767417907715,0.9465490579605103,0,-0.000003000000106112566,0.04137500002980232,0,1,-0.9594248533248901,0.19535990059375763,0.20331795513629913,0,-0.2171805053949356,-0.9718802571296692,-0.0910000428557396,0,0.179823100566864,-0.13146449625492096,0.9748752117156982,0,0.08867000043392181,-0.06413000077009201,-0.02200300060212612,1,0.9899580478668213,-0.030126936733722687,0.13811476528644562,0,0.0945122167468071,0.8676108717918396,-0.488178551197052,0,-0.10512254387140274,0.49632981419563293,0.8617456555366516,0,0,0.3963479995727539,0,1,0.9699321389198303,0.24142645299434662,-0.030748214572668076,0,-0.0014447863213717937,0.1320495754480362,0.9912418723106384,0,0.24337221682071686,-0.9613925814628601,0.1284279078245163,0,0,0.3364959955215454,0,1,0.9963417649269104,-0.0017133628716692328,0.0854424238204956,0,-0.04238583520054817,0.8582553863525391,0.5114704966545105,0,-0.07420769333839417,-0.513220489025116,0.8550423383712769,0,0,0.1492290049791336,0,1,-0.975805401802063,0.0944453626871109,0.1971912384033203,0,-0.016011850908398628,-0.9303385019302368,0.36635348200798035,0,0.21805474162101746,0.354331910610199,0.909340500831604,0,-0.08867000043392181,-0.06413000077009201,-0.02048099972307682,1,0.9785693883895874,-0.18242700397968292,0.09551320970058441,0,0.14916926622390747,0.30825769901275635,-0.9395343661308289,0,0.1419537514448166,0.9336472153663635,0.32886403799057007,0,0,0.3963190019130707,0,1,0.976555347442627,0.20403051376342773,0.06864366680383682,0,-0.15197305381298065,0.4275892674922943,0.8911067843437195,0,0.15246160328388214,-0.8806466460227966,0.44857150316238403,0,0,0.3364500105381012,0,1,0.9965924024581909,0.011380448937416077,-0.08169104158878326,0,0.041543252766132355,0.7863691449165344,0.6163579225540161,0,0.07125377655029297,-0.617651641368866,0.7832171320915222,0,0,0.14872199296951294,0,1
