1.300,30,38,49
B0,mixamorig_Hips,-1,0.9035947918891907,0.06302602589130402,0.42372646927833557,0,-0.02134021371603012,0.9945123791694641,-0.10241808742284775,0,-0.42785629630088806,0.08350204676389694,0.8999813199043274,0,0.006553301587700844,0.8332571387290955,-0.06519386172294617,1
B1,mixamorig_Spine,0,0.9801437854766846,0.06630058586597443,0.18687401711940765,0,-0.07490269839763641,0.9964143633842468,0.039344996213912964,0,-0.1835954189300537,-0.052561141550540924,0.9815958142280579,0,0,0.115557000041008,-0.010862000286579132,1
B2,mixamorig_Spine1,1,0.9979723691940308,0.0013814306585118175,0.06362827867269516,0,-0.003460707375779748,0.9994631409645081,0.032579876482486725,0,-0.06354912370443344,-0.03273402154445648,0.9974415898323059,0,0,0.13541099429130554,0,1
B3,mixamorig_Spine2,2,0.9979603290557861,0.0014278828166425228,0.06382638216018677,0,-0.0034931120462715626,0.999473512172699,0.03225713595747948,0,-0.06374671310186386,-0.03241429105401039,0.9974398016929626,0,0,0.15475499629974365,0,1
B4,mixamorig_Neck,3,0.9695865511894226,-0.04069383814930916,-0.24133983254432678,0,0.10456329584121704,0.9604320526123047,0.2581401467323303,0,0.22128598392009735,-0.27552473545074463,0.9354779124259949,0,0,0.17409999668598175,0,1
B5,mixamorig_Head,4,0.982083797454834,0.10987327992916107,-0.1530982255935669,0,-0.06230675429105759,0.9560656547546387,0.28645411133766174,0,0.17784562706947327,-0.27178290486335754,0.945782482624054,0,0,0.08386600017547607,0.014653000049293041,1
B6,mixamorig_HeadTop_End,5,1,0,0,0,0,1,0,0,0,0,1,0,0,0.264737993478775,0.046254001557826996,1
B7,mixamorig_LeftShoulder,3,0.16956552863121033,0.011176821775734425,-0.9854556322097778,0,0.8712475895881653,-0.46906280517578125,0.14459392428398132,0,-0.4606245756149292,-0.8830941319465637,-0.08927461504936218,0,0.07487399876117706,0.15380500257015228,-0.002010999945923686,1
B8,mixamorig_LeftArm,7,0.6446918249130249,0.3676939606666565,0.6702045798301697,0,-0.5959482192993164,0.7908331155776978,0.13938790559768677,0,-0.47876760363578796,-0.4892692267894745,0.7289698123931885,0,0,0.14695900678634644,0,1
B9,mixamorig_LeftForeArm,8,0.4154922366142273,0.9090862274169922,0.030470112338662148,0,-0.905112624168396,0.4098898470401764,0.11296532303094864,0,0.0902058556675911,-0.07451511919498444,0.9931317567825317,0,0,0.3050200045108795,0,1
B10,mixamorig_LeftHand,9,-0.5482882261276245,0.22667258977890015,0.8049841523170471,0,0.4305495619773865,0.9017089605331421,0.03934553638100624,0,-0.7169427871704102,0.368158221244812,-0.5919901132583618,0,0,0.18424899876117706,0,1
B11,mixamorig_LeftHandThumb1,10,0.9779239892959595,0.18896856904029846,-0.08919379115104675,0,-0.13639812171459198,0.900629997253418,0.4126269519329071,0,0.15830418467521667,-0.3913520574569702,0.9065229296684265,0,-0.03313000127673149,0.09096600115299225,0.013790000230073929,1
B12,mixamorig_LeftHandThumb2,11,0.9247400164604187,-0.19462832808494568,-0.32707086205482483,0,0.20784372091293335,0.9781461358070374,0.005584330298006535,0,0.31883615255355835,-0.07314366102218628,0.9449829459190369,0,-0.0014090000186115503,0.0782179981470108,0,1
B13,mixamorig_LeftHandThumb3,12,0.8925808668136597,0.4498801529407501,-0.030116228386759758,0,-0.4508788585662842,0.890977144241333,-0.05355607718229294,0,0.0027390567120164633,0.061381928622722626,0.9981110692024231,0,-0.005520000122487545,0.05680200085043907,0,1
B14,mixamorig_LeftHandThumb4,13,1,0,0,0,0,1,0,0,0,0,1,0,0.006930000148713589,0.0340690016746521,0,1
B15,mixamorig_LeftHandIndex1,10,0.9815539121627808,-0.19115722179412842,-0.003255970310419798,0,0.15589049458503723,0.7903749346733093,0.5924570560455322,0,-0.11067897826433182,-0.5820359587669373,0.8055950403213501,0,-0.0290949996560812,0.2116370052099228,-0.002065999899059534,1
B16,mixamorig_LeftHandIndex2,15,0.9963569641113281,-0.07441134005784988,-0.041664592921733856,0,0.07320693880319595,0.49565818905830383,0.8654268383979797,0,-0.04374616965651512,-0.865324079990387,0.4992998242378235,0,0.00007400000322377309,0.03825400024652481,0,1
B17,mixamorig_LeftHandIndex3,16,0.9992499947547913,-0.03781190514564514,-0.008310355246067047,0,0.037898097187280655,0.9115316867828369,0.40948009490966797,0,-0.007908068597316742,-0.40948790311813354,0.9122809767723083,0,0.000037999998312443495,0.043081000447273254,0,1
B18,mixamorig_LeftHandIndex4,17,1,0,0,0,0,1,0,0,0,0,1,0,-0.00011200000153621659,0.025474999099969864,0,1
B19,mixamorig_LeftHandMiddle1,10,0.9763219356536865,-0.21615354716777802,-0.008581244386732578,0,0.13967272639274597,0.5995889902114868,0.7880260348320007,0,-0.1651892364025116,-0.7705649137496948,0.6155819892883301,0,0.0290949996560812,0.20932500064373016,-0.0017180000431835651,1
B20,mixamorig_LeftHandMiddle2,19,0.9954739809036255,-0.08007105439901352,-0.0511796735227108,0,0.0802309438586235,0.4195219874382019,0.9041919708251953,0,-0.05092867463827133,-0.9042069911956787,0.42404797673225403,0,0.00007699999696342275,0.04418199881911278,0,1
B21,mixamorig_LeftHandMiddle3,20,0.9997169971466064,-0.02343805506825447,-0.004161153919994831,0,0.023584941402077675,0.9515519738197327,0.3065830171108246,0,-0.003226154251024127,-0.30659425258636475,0.9518350958824158,0,-0.00007599999662488699,0.039101000875234604,0,1
B22,mixamorig_LeftHandMiddle4,21,1,0,0,0,0,1,0,0,0,0,1,0,0,0.024484999477863312,0,1
B23,mixamorig_RightShoulder,3,0.04048221930861473,-0.015115760266780853,0.9990654587745667,0,-0.8984904885292053,-0.4379817545413971,0.0297803096473217,0,0.43712252378463745,-0.8988569378852844,-0.03131188452243805,0,-0.07487399876117706,0.15378600358963013,-0.0018060000147670507,1
B24,mixamorig_RightArm,23,0.4146405756473541,-0.9055080413818359,-0.09015387296676636,0,0.807118833065033,0.32020333409309387,0.496013343334198,0,-0.4202765226364136,-0.278432160615921,0.8636219501495361,0,0,0.14695900678634644,0,1
B25,mixamorig_RightForeArm,24,-0.13841313123703003,-0.986903727054596,-0.08284524828195572,0,0.9787294268608093,-0.1490965336561203,0.14092451333999634,0,-0.15143075585365295,-0.06157722324132919,0.9865477681159973,0,0,0.30505499243736267,0,1
B26,mixamorig_RightHand,25,0.707890510559082,0.3670123219490051,-0.6034838557243347,0,-0.5202962160110474,0.8487837910652161,-0.09411792457103729,0,0.4776849150657654,0.38061562180519104,0.7918012142181396,0,0,0.18424899876117706,0,1
B27,mixamorig_RightHandThumb1,26,0.9679909944534302,-0.24865460395812988,0.03412575274705887,0,0.17464669048786163,0.7649661898612976,0.6199399828910828,0,-0.1802559494972229,-0.5941362977027893,0.7839069366455078,0,0.032903000712394714,0.09380000084638596,0.018118999898433685,1
B28,mixamorig_RightHandThumb2,27,0.8398489952087402,0.44093507528305054,0.31658992171287537,0,-0.39240196347236633,0.8961580395698547,-0.20717379450798035,0,-0.3750650882720947,0.049764234572649,0.9256619215011597,0,0.0038660001009702682,0.08074100315570831,0,1
B29,mixamorig_RightHandThumb3,28,0.6979888081550598,0.7048981189727783,-0.12621310353279114,0,-0.6989209055900574,0.6321890354156494,-0.33443504571914673,0,-0.1559521108865738,0.32164496183395386,0.9339290261268616,0,0.000598000013269484,0.05323699861764908,0,1
B30,mixamorig_RightHandThumb4,29,1,0,0,0,0,1,0,0,0,0,1,0,-0.0044639999978244305,0.031168000772595406,0,1
B31,mixamorig_RightHandIndex1,26,0.9967090487480164,0.08082672208547592,-0.006117319688200951,0,-0.07783827930688858,0.9754490256309509,0.2060098499059677,0,0.02261824905872345,-0.20485584437847137,0.9785308837890625,0,0.024845000356435776,0.21531400084495544,-0.002767999889329076,1
B32,mixamorig_RightHandIndex2,31,0.9996060729026794,0.027091629803180695,0.007381649687886238,0,-0.02675037272274494,0.8388869762420654,0.5436479449272156,0,0.008535935543477535,-0.5436310768127441,0.8392810225486755,0,0.000009999999747378752,0.041916001588106155,0,1
B33,mixamorig_RightHandIndex3,32,0.9994370341300964,0.03232656791806221,0.009007074870169163,0,-0.03252671658992767,0.8671533465385437,0.4969778060913086,0,0.008255073800683022,-0.4969911575317383,0.867716908454895,0,-0.00007999999797903001,0.03949600085616112,0,1
B34,mixamorig_RightHandIndex4,33,1,0,0,0,0,1,0,0,0,0,1,0,0.00007000000186963007,0.02756199985742569,0,1
B35,mixamorig_RightHandMiddle1,26,0.9730679988861084,0.22393006086349487,0.054723773151636124,0,-0.182748943567276,0.6046700477600098,0.7752269506454468,0,0.140506774187088,-0.7643491625785828,0.6293079257011414,0,-0.024845000356435776,0.2111939936876297,-0.0017819999484345317,1
B36,mixamorig_RightHandMiddle2,35,0.9958249926567078,0.05023486539721489,0.07621074467897415,0,-0.05381714180111885,-0.3512411117553711,0.9347370266914368,0,0.07372474670410156,-0.934935986995697,-0.34707120060920715,0,0.00007599999662488699,0.03627699986100197,0,1
B37,mixamorig_RightHandMiddle3,36,0.9998900294303894,0.014703165739774704,0.0020479827653616667,0,-0.014577837660908699,0.9464390277862549,0.32255372405052185,0,0.0028042690828442574,-0.3225480020046234,0.9465489387512207,0,-0.000003000000106112566,0.04137500002980232,0,1
B38,mixamorig_RightHandMiddle4,37,1,0,0,0,0,1,0,0,0,0,1,0,-0.00007400000322377309,0.02698099985718727,0,1
B39,mixamorig_LeftUpLeg,0,-0.9119709134101868,0.04528733715415001,0.40774691104888916,0,-0.14036157727241516,-0.9683517813682556,-0.20638196170330048,0,0.38549599051475525,-0.2454463690519333,0.8894654512405396,0,0.08867000043392181,-0.06413000077009201,-0.02200300060212612,1
B40,mixamorig_LeftLeg,39,0.9865176677703857,-0.14383281767368317,-0.07807384431362152,0,0.061295218765735626,0.7670665979385376,-0.6386329531669617,0,0.15174418687820435,0.6252369284629822,0.7655407786369324,0,0,0.3963479995727539,0,1
B41,mixamorig_LeftFoot,40,0.98963862657547,0.11023523658514023,-0.09199795126914978,0,0.03475094959139824,0.43779438734054565,0.8984032273292542,0,0.13931182026863098,-0.8922911286354065,0.42942729592323303,0,0,0.3364959955215454,0,1
B42,mixamorig_LeftToeBase,41,0.9948687553405762,0.0913507342338562,-0.0434911884367466,0,-0.0009657241753302515,0.43841424584388733,0.8987727761268616,0,0.10117067396640778,-0.89411860704422,0.4362526834011078,0,0,0.1492290049791336,0,1
B43,mixamorig_LeftToe_End,42,1,0,0,0,0,1,0,0,0,0,1,0,0,0.07995100319385529,0,1
B44,mixamorig_RightUpLeg,0,-0.9873096942901611,-0.14587804675102234,0.0627586841583252,0,0.15854528546333313,-0.8828622102737427,0.442059725522995,0,-0.00907953828573227,0.44640031456947327,0.894787609577179,0,-0.08867000043392181,-0.06413000077009201,-0.02048099972307682,1
B45,mixamorig_RightLeg,44,0.98643958568573,-0.14399729669094086,-0.07875114679336548,0,0.10865428298711777,0.9325794577598572,-0.34422391653060913,0,0.12300904095172882,0.3309995234012604,0.9355794191360474,0,0,0.3963190019130707,0,1
B46,mixamorig_RightFoot,45,0.9942762851715088,-0.10157112032175064,0.03313944861292839,0,0.02419581636786461,0.5161824822425842,0.8561369776725769,0,-0.10406475514173508,-0.8504345417022705,0.5156854391098022,0,0,0.3364500105381012,0,1
B47,mixamorig_RightToeBase,46,0.9971092939376831,0.003821970196440816,-0.07588313519954681,0,0.04212329536676407,0.8033864498138428,0.593966543674469,0,0.06323361396789551,-0.5954460501670837,0.8009032011032104,0,0,0.14872199296951294,0,1
B48,mixamorig_RightToe_End,47,1,0,0,0,0,1,0,0,0,0,1,0,0,0.07783599942922592,0,1
@40,0,1,2,3,4,5,7,8,9,10,11,12,13,15,16,17,19,20,21,23,24,25,26,27,28,29,31,32,33,35,36,37,39,40,41,42,44,45,46,47
K0,0.8466901183128357,0.06118527799844742,0.528556764125824,0,0.03623228147625923,0.9844310283660889,-0.17199702560901642,0,-0.5308511853218079,0.1647789478302002,0.8312909007072449,0,-0.010188000276684761,0.8280029892921448,0.01242899987846613,1,0.9938439130783081,0.06209385022521019,0.09175030142068863,0,-0.0757051557302475,0.9852859377861023,0.15323010087013245,0,-0.08088570088148117,-0.15923289954662323,0.9839220643043518,0,0,0.115557000041008,-0.010862000286579132,1,0.9992139935493469,0.008647063747048378,0.038698796182870865,0,-0.010065935552120209,0.9992790222167969,0.03662113845348358,0,-0.03835420683026314,-0.036981869488954544,0.9985799789428711,0,0,0.13541099429130554,0,1,0.9992079138755798,0.00929881539195776,0.038692329078912735,0,-0.010710184462368488,0.9992790222167969,0.0364307276904583,0,-0.03832566365599632,-0.03681626915931702,0.9985869526863098,0,0,0.15475499629974365,0,1,0.9748009443283081,-0.014504254795610905,-0.22260409593582153,0,0.0798797458410263,0.9544100165367126,0.28761303424835205,0,0.2082839012145996,-0.29814693331718445,0.931518018245697,0,0,0.17409999668598175,0,1,0.9821979999542236,0.11134390532970428,-0.15129394829273224,0,-0.06413409113883972,0.9557700157165527,0.28703585267066956,0,0.17656202614307404,-0.2722231149673462,0.9458970427513123,0,0,0.08386600017547607,0.014653000049293041,1,0.16394180059432983,0.011372650042176247,-0.9864040613174438,0,0.8718541860580444,-0.46948084235191345,0.13949063420295715,0,-0.46151161193847656,-0.8828691840171814,-0.08688288927078247,0,0.07487399876117706,0.15380500257015228,-0.002010999945923686,1,0.57289719581604,0.44823434948921204,0.6862035989761353,0,-0.6859886646270752,0.7204082608222961,0.10214052349328995,0,-0.44856348633766174,-0.5292434692382812,0.7202029824256897,0,0,0.14695900678634644,0,1,0.5307611227035522,0.8472578525543213,0.02113192155957222,0,-0.8441290855407715,0.5262438058853149,0.10253129154443741,0,0.07574991881847382,-0.07225771248340607,0.994504988193512,0,0,0.3050200045108795,0,1,-0.5414729714393616,0.16567713022232056,0.8242318630218506,0,0.37120679020881653,0.9267640113830566,0.057574644684791565,0,-0.7543290257453918,0.33713531494140625,-0.5633177161216736,0,0,0.18424899876117706,0,1,0.977924108505249,0.1889687478542328,-0.08919376879930496,0,-0.13639825582504272,0.900629997253418,0.4126269817352295,0,0.15830421447753906,-0.3913520574569702,0.9065229296684265,0,-0.03313000127673149,0.09096600115299225,0.013790000230073929,1,0.9247401356697083,-0.19462791085243225,-0.32707077264785767,0,0.2078430950641632,0.9781460165977478,0.0055839186534285545,0,0.31883618235588074,-0.07314307987689972,0.9449828863143921,0,-0.0014090000186115503,0.0782179981470108,0,1,0.8925811052322388,0.4498807191848755,-0.030116604641079903,0,-0.4508792459964752,0.8909769654273987,-0.053555987775325775,0,0.0027393929194658995,0.06138201430439949,0.9981110692024231,0,-0.005520000122487545,0.05680200085043907,0,1,0.9815540313720703,-0.19115668535232544,-0.003256371011957526,0,0.1558903008699417,0.7903751730918884,0.5924567580223083,0,-0.11067837476730347,-0.5820362567901611,0.8055957555770874,0,-0.0290949996560812,0.2116370052099228,-0.002065999899059534,1,0.9963569641113281,-0.07441181689500809,-0.04166458547115326,0,0.07320716977119446,0.49565815925598145,0.8654268980026245,0,-0.04374658688902855,-0.865324079990387,0.4992998242378235,0,0.00007400000322377309,0.03825400024652481,0,1,0.9992499947547913,-0.03781192749738693,-0.008310209959745407,0,0.037898071110248566,0.911531925201416,0.40948012471199036,0,-0.007908209227025509,-0.40948784351348877,0.9122810363769531,0,0.000037999998312443495,0.043081000447273254,0,1,0.9763219356536865,-0.21615341305732727,-0.008581179194152355,0,0.13967259228229523,0.5995889902114868,0.7880260348320007,0,-0.16518917679786682,-0.7705649137496948,0.6155819892883301,0,0.0290949996560812,0.20932500064373016,-0.0017180000431835651,1,0.9954739809036255,-0.08007105439901352,-0.05117960274219513,0,0.0802309513092041,0.41952279210090637,0.9041920304298401,0,-0.05092860385775566,-0.904205858707428,0.4240482449531555,0,0.00007699999696342275,0.04418199881911278,0,1,0.9997169971466064,-0.023437554016709328,-0.0041610850021243095,0,0.02358444780111313,0.9515520930290222,0.3065839111804962,0,-0.0032260853331536055,-0.306595116853714,0.9518349766731262,0,-0.00007599999662488699,0.039101000875234604,0,1,0.05427004024386406,-0.015413769520819187,0.9984070062637329,0,-0.8873910307884216,-0.4591768682003021,0.04114663600921631,0,0.4578116536140442,-0.8882112503051758,-0.038597606122493744,0,-0.07487399876117706,0.15378600358963013,-0.0018060000147670507,1,0.41549208760261536,-0.9060410261154175,-0.0803510993719101,0,0.8277681469917297,0.34001782536506653,0.4463040232658386,0,-0.37704911828041077,-0.2519479990005493,0.8912670016288757,0,0,0.14695900678634644,0,1,-0.11587104201316833,-0.9899999499320984,-0.08046170324087143,0,0.9819980263710022,-0.126346617937088,0.1404147893190384,0,-0.1491767019033432,-0.06274322420358658,0.9868180155754089,0,0,0.30505499243736267,0,1,0.7070510983467102,0.34747380018234253,-0.6159070134162903,0,-0.5232551693916321,0.8429388999938965,-0.12513083219528198,0,0.4756919741630554,0.410750150680542,0.7778179049491882,0,0,0.18424899876117706,0,1,0.967991054058075,-0.24865485727787018,0.0341251976788044,0,0.17464715242385864,0.7649658918380737,0.6199402213096619,0,-0.18025580048561096,-0.5941368341445923,0.7839071750640869,0,0.032903000712394714,0.09380000084638596,0.018118999898433685,1,0.8398489952087402,0.44093501567840576,0.3165900409221649,0,-0.3924019932746887,0.8961579203605652,-0.20717324316501617,0,-0.37506499886512756,0.049763742834329605,0.9256619811058044,0,0.0038660001009702682,0.08074100315570831,0,1,0.6979888081550598,0.7048981189727783,-0.12621310353279114,0,-0.6989209055900574,0.6321890354156494,-0.33443504571914673,0,-0.1559521108865738,0.32164496183395386,0.9339290261268616,0,0.000598000013269484,0.05323699861764908,0,1,0.9967090487480164,0.08082679659128189,-0.006118027959018946,0,-0.07783820480108261,0.9754489660263062,0.20601001381874084,0,0.02261897176504135,-0.20485596358776093,0.978531002998352,0,0.024845000356435776,0.21531400084495544,-0.002767999889329076,1,0.9996060729026794,0.027091586962342262,0.007381793111562729,0,-0.026750413700938225,0.8388869762420654,0.5436479449272156,0,0.008535792119801044,-0.5436310768127441,0.8392810225486755,0,0.000009999999747378752,0.041916001588106155,0,1,0.9994370341300964,0.03232642263174057,0.009007025510072708,0,-0.03252658247947693,0.8671538233757019,0.49697738885879517,0,0.008255024440586567,-0.4969906210899353,0.8677172064781189,0,-0.00007999999797903001,0.03949600085616112,0,1,0.9730679988861084,0.22393006086349487,0.054723773151636124,0,-0.182748943567276,0.6046700477600098,0.7752269506454468,0,0.140506774187088,-0.7643491625785828,0.6293079257011414,0,-0.024845000356435776,0.2111939936876297,-0.0017819999484345317,1,0.9958249926567078,0.0502348430454731,0.07621079683303833,0,-0.053817152976989746,-0.35124197602272034,0.9347370266914368,0,0.07372479885816574,-0.934935986995697,-0.3470720648765564,0,0.00007599999662488699,0.03627699986100197,0,1,0.9998900294303894,0.014703142456710339,0.0020481233950704336,0,-0.014577857218682766,0.9464389085769653,0.3225533366203308,0,0.00280412333086133,-0.32254767417907715,0.9465490579605103,0,-0.000003000000106112566,0.04137500002980232,0,1,-0.8413129448890686,-0.04336320236325264,0.5388053059577942,0,0.19181080162525177,-0.9558610320091248,0.22257335484027863,0,0.5053718090057373,0.2906026840209961,0.8124962449073792,0,0.08867000043392181,-0.06413000077009201,-0.02200300060212612,1,0.9826800227165222,-0.17510603368282318,-0.06064283847808838,0,-0.018176011741161346,0.23459483683109283,-0.9719230532646179,0,0.18441614508628845,0.9561920166015625,0.22734901309013367,0,0,0.3963479995727539,0,1,0.9478750228881836,0.3100301921367645,-0.07358783483505249,0,-0.13100583851337433,0.5896900296211243,0.7969329953193665,0,0.29046714305877686,-0.7457519769668579,0.5995679497718811,0,0,0.3364959955215454,0,1,0.9856680035591125,-0.09021633863449097,0.14255011081695557,0,-0.06815332174301147,0.560019850730896,0.8256710767745972,0,-0.1543199121952057,-0.8235529661178589,0.545845091342926,0,0,0.1492290049791336,0,1,-0.9966009259223938,-0.08213312178850174,0.0063346452079713345,0,0.0800708755850792,-0.9477640390396118,0.3087596595287323,0,-0.019355643540620804,0.3082173466682434,0.9511188864707947,0,-0.08867000043392181,-0.06413000077009201,-0.02048099972307682,1,0.986266016960144,-0.15724007785320282,0.05054369941353798,0,0.14397792518138885,0.6685607433319092,-0.7295862436294556,0,0.08092870563268661,0.7268437147140503,0.6820182800292969,0,0,0.3963190019130707,0,1,0.9963129758834839,-0.01909814029932022,0.08364438265562057,0,-0.07778113335371017,0.21040508151054382,0.9745149612426758,0,-0.03621063008904457,-0.9774280786514282,0.20814388990402222,0,0,0.3364500105381012,0,1,0.9973400235176086,0.004559761844575405,-0.07274617999792099,0,0.042214762419462204,0.7774789333343506,0.6274911761283875,0,0.059419821947813034,-0.6288928985595703,0.7752181887626648,0,0,0.14872199296951294,0,1
K0.034,0.845245361328125,0.06697511672973633,0.5301656126976013,0,0.03459041565656662,0.9831764101982117,-0.17935101687908173,0,-0.5332583785057068,0.1699342429637909,0.8287085294723511,0,-0.01468600146472454,0.8324015140533447,0.012706346809864044,1,0.9947938919067383,0.050427377223968506,0.0885527953505516,0,-0.06393646448850632,0.9855204820632935,0.15704064071178436,0,-0.07935143262147903,-0.16188481450080872,0.9836137890815735,0,0,0.115557000041008,-0.010862000286579132,1,0.9992103576660156,0.004384301137179136,0.03949275240302086,0,-0.0058670649304986,0.9992792010307312,0.03750790283083916,0,-0.03929983824491501,-0.03770998865365982,0.998515784740448,0,0,0.13541099429130554,0,1,0.999201238155365,0.005099272355437279,0.03963061049580574,0,-0.006573435850441456,0.999287486076355,0.03715680539608002,0,-0.039412934333086014,-0.0373876728117466,0.9985237717628479,0,0,0.15475499629974365,0,1,0.9752252101898193,-0.0025788152124732733,-0.22120043635368347,0,0.06955605745315552,0.9527919292449951,0.29554980993270874,0,0.20999577641487122,-0.3036133646965027,0.929365873336792,0,0,0.17409999668598175,0,1,0.9820076823234558,0.11177846044301987,-0.1522028148174286,0,-0.06456455588340759,0.9561596512794495,0.2856396436691284,0,0.17745861411094666,-0.2706735134124756,0.9461733102798462,0,0,0.08386600017547607,0.014653000049293041,1,0.15799377858638763,0.01175624132156372,-0.9873698353767395,0,0.8751534223556519,-0.4647755026817322,0.134503573179245,0,-0.4573238790035248,-0.8853504657745361,-0.0837201252579689,0,0.07487399876117706,0.15380500257015228,-0.002010999945923686,1,0.5802420973777771,0.44388777017593384,0.6828494071960449,0,-0.682502806186676,0.7225165963172913,0.11027410626411438,0,-0.4444204270839691,-0.5300319790840149,0.7221887707710266,0,0,0.14695900678634644,0,1,0.519866406917572,0.8539644479751587,0.021982483565807343,0,-0.8507562875747681,0.5152464509010315,0.10360431671142578,0,0.07714804261922836,-0.07256218045949936,0.994375467300415,0,0,0.3050200045108795,0,1,-0.5350689888000488,0.16378162801265717,0.8287798166275024,0,0.3726581335067749,0.9261820912361145,0.05756194517016411,0,-0.7581737041473389,0.3396512567996979,-0.5566060543060303,0,0,0.18424899876117706,0,1,0.9779239296913147,0.1889682114124298,-0.08919388055801392,0,-0.13639779388904572,0.9006300568580627,0.4126269221305847,0,0.1583041399717331,-0.3913520872592926,0.9065229296684265,0,-0.03313000127673149,0.09096600115299225,0.013790000230073929,1,0.9247401356697083,-0.19462792575359344,-0.32707077264785767,0,0.2078431099653244,0.9781460165977478,0.0055839307606220245,0,0.31883618235588074,-0.07314309477806091,0.9449828863143921,0,-0.0014090000186115503,0.0782179981470108,0,1,0.8925808668136597,0.4498801529407501,-0.030116207897663116,0,-0.4508788585662842,0.8909770846366882,-0.053556621074676514,0,0.002738791983574629,0.06138240545988083,0.9981110692024231,0,-0.005520000122487545,0.05680200085043907,0,1,0.9815539717674255,-0.1911570131778717,-0.003256996860727668,0,0.15589095652103424,0.7903751134872437,0.5924567580223083,0,-0.11067806929349899,-0.5820362567901611,0.8055958151817322,0,-0.0290949996560812,0.2116370052099228,-0.002065999899059534,1,0.9963570237159729,-0.0744113102555275,-0.041664279997348785,0,0.07320665568113327,0.4956582188606262,0.8654268980026245,0,-0.043746303766965866,-0.865324079990387,0.4992998242378235,0,0.00007400000322377309,0.03825400024652481,0,1,0.9992499947547913,-0.03781184181571007,-0.008310704492032528,0,0.03789815679192543,0.9115309715270996,0.40947991609573364,0,-0.007907731458544731,-0.4094880521297455,0.9122809171676636,0,0.000037999998312443495,0.043081000447273254,0,1,0.9763221144676208,-0.21615372598171234,-0.008581891655921936,0,0.13967327773571014,0.5995888710021973,0.7880260348320007,0,-0.16518893837928772,-0.7705649137496948,0.6155819892883301,0,0.0290949996560812,0.20932500064373016,-0.0017180000431835651,1,0.9954739809036255,-0.08007100969552994,-0.0511796735227108,0,0.08023099601268768,0.4195222556591034,0.9041928052902222,0,-0.050928644835948944,-0.9042069911956787,0.4240478575229645,0,0.00007699999696342275,0.04418199881911278,0,1,0.9997169971466064,-0.023438064381480217,-0.004161166492849588,0,0.023584935814142227,0.9515511393547058,0.3065837621688843,0,-0.0032261668238788843,-0.30659520626068115,0.9518349170684814,0,-0.00007599999662488699,0.039101000875234604,0,1,0.05347927287220955,-0.015442244708538055,0.9984490871429443,0,-0.8875848650932312,-0.4588640034198761,0.04044423997402191,0,0.45752838253974915,-0.8883724212646484,-0.03824607655405998,0,-0.07487399876117706,0.15378600358963013,-0.0018060000147670507,1,0.4191817343235016,-0.9050487875938416,-0.07192288339138031,0,0.8199132680892944,0.34334591031074524,0.45810002088546753,0,-0.38990849256515503,-0.25099775195121765,0.8859860301017761,0,0,0.14695900678634644,0,1,-0.121375672519207,-0.9892929196357727,-0.0810433030128479,0,0.9812487363815308,-0.13190220296382904,0.1405445635318756,0,-0.14972949028015137,-0.062464918941259384,0.9867519736289978,0,0,0.30505499243736267,0,1,0.7159742712974548,0.3316611349582672,-0.6143141984939575,0,-0.514721691608429,0.8452528715133667,-0.14355839788913727,0,0.4716379642486572,0.41898486018180847,0.7758923172950745,0,0,0.18424899876117706,0,1,0.9679908752441406,-0.24865445494651794,0.03412585332989693,0,0.1746464967727661,0.7649660706520081,0.6199401617050171,0,-0.18025609850883484,-0.5941367745399475,0.7839071750640869,0,0.032903000712394714,0.09380000084638596,0.018118999898433685,1,0.8398489952087402,0.44093507528305054,0.31658992171287537,0,-0.39240196347236633,0.8961580395698547,-0.20717379450798035,0,-0.3750650882720947,0.049764234572649,0.9256619215011597,0,0.0038660001009702682,0.08074100315570831,0,1,0.6979888081550598,0.7048981189727783,-0.12621310353279114,0,-0.6989209055900574,0.6321890354156494,-0.33443504571914673,0,-0.1559521108865738,0.32164496183395386,0.9339290261268616,0,0.000598000013269484,0.05323699861764908,0,1,0.9967090487480164,0.08082669228315353,-0.006117027252912521,0,-0.07783830910921097,0.9754489660263062,0.20600996911525726,0,0.022617971524596214,-0.2048560082912445,0.978531002998352,0,0.024845000356435776,0.21531400084495544,-0.002767999889329076,1,0.9996060729026794,0.027092060074210167,0.007381932809948921,0,-0.026750890538096428,0.838887095451355,0.5436480045318604,0,0.008535932749509811,-0.5436310768127441,0.8392810225486755,0,0.000009999999747378752,0.041916001588106155,0,1,0.9994370341300964,0.032326437532901764,0.009007018990814686,0,-0.032526593655347824,0.867154061794281,0.4969770312309265,0,0.00825501885265112,-0.49699002504348755,0.8677170276641846,0,-0.00007999999797903001,0.03949600085616112,0,1,0.9730679988861084,0.22393009066581726,0.05472378432750702,0,-0.1827489733695984,0.6046700477600098,0.7752269506454468,0,0.1405067890882492,-0.7643491625785828,0.6293079257011414,0,-0.024845000356435776,0.2111939936876297,-0.0017819999484345317,1,0.9958249926567078,0.0502348430454731,0.07621079683303833,0,-0.053817152976989746,-0.35124197602272034,0.9347370266914368,0,0.07372479885816574,-0.934935986995697,-0.3470720648765564,0,0.00007599999662488699,0.03627699986100197,0,1,0.9998900294303894,0.014703706838190556,0.002047720132395625,0,-0.014578266069293022,0.9464390873908997,0.3225538432598114,0,0.0028046935331076384,-0.3225480616092682,0.9465489387512207,0,-0.000003000000106112566,0.04137500002980232,0,1,-0.8443971276283264,-0.047049380838871,0.533647358417511,0,0.22806885838508606,-0.9329276084899902,0.27862411737442017,0,0.4847450852394104,0.3569776713848114,0.7984915971755981,0,0.08867000043392181,-0.06413000077009201,-0.02200300060212612,1,0.9823979139328003,-0.17382597923278809,-0.06839845329523087,0,-0.013859568163752556,0.2973247468471527,-0.9546761512756348,0,0.1862841546535492,0.9388202428817749,0.28968217968940735,0,0,0.3963479995727539,0,1,0.9531438946723938,0.2808305621147156,-0.11248063296079636,0,-0.06293191015720367,0.5477434396743774,0.8342763781547546,0,0.2959006130695343,-0.7881061434745789,0.5397510528564453,0,0,0.3364959955215454,0,1,0.9872007966041565,-0.07958710938692093,0.13820523023605347,0,-0.06075818091630936,0.6135494112968445,0.7873156666755676,0,-0.14745588600635529,-0.7856355905532837,0.6008607745170593,0,0,0.1492290049791336,0,1,-0.998184323310852,-0.05987273156642914,-0.006642695516347885,0,0.056009691208601,-0.9630200862884521,0.26354432106018066,0,-0.022176163271069527,0.26269370317459106,0.9646247625350952,0,-0.08867000043392181,-0.06413000077009201,-0.02048099972307682,1,0.9864934682846069,-0.15458692610263824,0.054159458726644516,0,0.14481781423091888,0.6686185002326965,-0.7293676137924194,0,0.07653867453336716,0.7273597121238708,0.6819747686386108,0,0,0.3963190019130707,0,1,0.996340274810791,-0.021268384531140327,0.08278589695692062,0,-0.0780535414814949,0.16834072768688202,0.9826338291168213,0,-0.034835271537303925,-0.985499382019043,0.16606459021568298,0,0,0.3364500105381012,0,1,0.9973536133766174,0.0045984480530023575,-0.07256412506103516,0,0.04221479594707489,0.7759412527084351,0.629391074180603,0,0.05919968709349632,-0.6307884454727173,0.773693323135376,0,0,0.14872199296951294,0,1
K0.068,0.8438867926597595,0.07074340432882309,0.5318372249603271,0,0.03401348739862442,0.9822210073471069,-0.1846226304769516,0,-0.5354423522949219,0.17389017343521118,0.8264768123626709,0,-0.01770092360675335,0.8366247415542603,0.013200519606471062,1,0.995328962802887,0.04152074456214905,0.08716203272342682,0,-0.0551019124686718,0.9856246113777161,0.1597101092338562,0,-0.07927772402763367,-0.16376681625843048,0.9833081364631653,0,0,0.115557000041008,-0.010862000286579132,1,0.9992569088935852,0.0012596132000908256,0.03851692005991936,0,-0.0027538107242435217,0.9992443919181824,0.03876485675573349,0,-0.03843899816274643,-0.038842134177684784,0.998505711555481,0,0,0.13541099429130554,0,1,0.9992457032203674,0.001960981171578169,0.03878943249583244,0,-0.0034481275361031294,0.9992597103118896,0.038309331983327866,0,-0.038685593754053116,-0.038414184004068375,0.9985126852989197,0,0,0.15475499629974365,0,1,0.9755415320396423,0.010884054936468601,-0.2195461541414261,0,0.05793409049510956,0.9507301449775696,0.30455970764160156,0,0.21204377710819244,-0.30982956290245056,0.9268453121185303,0,0,0.17409999668598175,0,1,0.9818781614303589,0.11153864860534668,-0.15321148931980133,0,-0.0642988458275795,0.9565707445144653,0.2843191921710968,0,0.17827031016349792,-0.269315630197525,0.946408212184906,0,0,0.08386600017547607,0.014653000049293041,1,0.1510339379310608,0.012154818512499332,-0.9884533882141113,0,0.8788050413131714,-0.459517240524292,0.12862922251224518,0,-0.45264801383018494,-0.8880853056907654,-0.08008436113595963,0,0.07487399876117706,0.15380500257015228,-0.002010999945923686,1,0.5842605829238892,0.4452972412109375,0.6784910559654236,0,-0.6839605569839478,0.7201878428459167,0.11630743741989136,0,-0.43684953451156616,-0.5320148468017578,0.7253429889678955,0,0,0.14695900678634644,0,1,0.514629602432251,0.8571200370788574,0.022394172847270966,0,-0.8538736701011658,0.5099602937698364,0.10411330312490463,0,0.07781746983528137,-0.0727016031742096,0.9943130612373352,0,0,0.3050200045108795,0,1,-0.5320890545845032,0.16211457550525665,0.8310241103172302,0,0.3719002306461334,0.9264970421791077,0.05738148093223572,0,-0.7606388926506042,0.33959004282951355,-0.5532693266868591,0,0,0.18424899876117706,0,1,0.977924108505249,0.1889687478542328,-0.08919376879930496,0,-0.13639825582504272,0.900629997253418,0.4126269817352295,0,0.15830421447753906,-0.3913520574569702,0.9065229296684265,0,-0.03313000127673149,0.09096600115299225,0.013790000230073929,1,0.9247400164604187,-0.1946282982826233,-0.32707086205482483,0,0.20784369111061096,0.9781461358070374,0.005584309808909893,0,0.31883615255355835,-0.07314363121986389,0.9449829459190369,0,-0.0014090000186115503,0.0782179981470108,0,1,0.8925808668136597,0.44988012313842773,-0.030116312205791473,0,-0.4508788585662842,0.8909770846366882,-0.053557056933641434,0,0.0027386886067688465,0.06138284131884575,0.9981110095977783,0,-0.005520000122487545,0.05680200085043907,0,1,0.9815539717674255,-0.19115689396858215,-0.0032558729872107506,0,0.15589015185832977,0.7903749942779541,0.5924570560455322,0,-0.11067887395620346,-0.582036018371582,0.8055950403213501,0,-0.0290949996560812,0.2116370052099228,-0.002065999899059534,1,0.9963570237159729,-0.07441113144159317,-0.04166359081864357,0,0.07320596277713776,0.4956582188606262,0.8654268980026245,0,-0.04374648630619049,-0.8653241991996765,0.4992998540401459,0,0.00007400000322377309,0.03825400024652481,0,1,0.9992499947547913,-0.037811946123838425,-0.008310219272971153,0,0.03789805248379707,0.9115309715270996,0.40947994589805603,0,-0.007908218540251255,-0.4094880521297455,0.9122809171676636,0,0.000037999998312443495,0.043081000447273254,0,1,0.9763219356536865,-0.21615414321422577,-0.008580953814089298,0,0.13967283070087433,0.599588930606842,0.7880260944366455,0,-0.16518989205360413,-0.7705649137496948,0.6155820488929749,0,0.0290949996560812,0.20932500064373016,-0.0017180000431835651,1,0.9954739809036255,-0.08007075637578964,-0.051180142909288406,0,0.08023124933242798,0.4195219874382019,0.9041919112205505,0,-0.05092820152640343,-0.9042069911956787,0.42404797673225403,0,0.00007699999696342275,0.04418199881911278,0,1,0.9997169971466064,-0.02343803085386753,-0.004161148332059383,0,0.023584915325045586,0.9515519738197327,0.30658289790153503,0,-0.0032261486630886793,-0.3065941333770752,0.951835036277771,0,-0.00007599999662488699,0.039101000875234604,0,1,0.05269375443458557,-0.015443168580532074,0.9984912872314453,0,-0.8884167671203613,-0.4573090374469757,0.039811860769987106,0,0.4560040831565857,-0.8891741037368774,-0.03781741112470627,0,-0.07487399876117706,0.15378600358963013,-0.0018060000147670507,1,0.4227224290370941,-0.9037833213806152,-0.06694123148918152,0,0.8138555884361267,0.34608936309814453,0.46675586700439453,0,-0.39867842197418213,-0.25178855657577515,0.8818485736846924,0,0,0.14695900678634644,0,1,-0.1275642365217209,-0.98846036195755,-0.08169468492269516,0,0.9803681969642639,-0.13814742863178253,0.14068657159805298,0,-0.15034900605678558,-0.062144290655851364,0.9866776466369629,0,0,0.30505499243736267,0,1,0.7225506901741028,0.320175439119339,-0.612705647945404,0,-0.5095981955528259,0.8455759882926941,-0.15909409523010254,0,0.46715137362480164,0.427187442779541,0.7741326689720154,0,0,0.18424899876117706,0,1,0.967991054058075,-0.24865375459194183,0.03412505239248276,0,0.17464637756347656,0.7649658918380737,0.6199409365653992,0,-0.1802550107240677,-0.5941370129585266,0.7839059829711914,0,0.032903000712394714,0.09380000084638596,0.018118999898433685,1,0.8398491144180298,0.44093507528305054,0.31658998131752014,0,-0.39240196347236633,0.8961580991744995,-0.20717376470565796,0,-0.3750650882720947,0.04976420849561691,0.9256619215011597,0,0.0038660001009702682,0.08074100315570831,0,1,0.6979888677597046,0.7048981785774231,-0.12621310353279114,0,-0.6989209055900574,0.6321890354156494,-0.33443504571914673,0,-0.1559521108865738,0.32164496183395386,0.9339290261268616,0,0.000598000013269484,0.05323699861764908,0,1,0.9967090487480164,0.08082669228315353,-0.006117027252912521,0,-0.07783830910921097,0.9754489660263062,0.20600996911525726,0,0.022617971524596214,-0.2048560082912445,0.978531002998352,0,0.024845000356435776,0.21531400084495544,-0.002767999889329076,1,0.9996060729026794,0.027091121301054955,0.00738162687048316,0,-0.026749933138489723,0.8388869762420654,0.5436479449272156,0,0.008535678498446941,-0.5436310768127441,0.8392810225486755,0,0.000009999999747378752,0.041916001588106155,0,1,0.9994369745254517,0.03232692554593086,0.009007170796394348,0,-0.03252707049250603,0.8671531677246094,0.49697768688201904,0,0.008255169726908207,-0.4969911575317383,0.867716908454895,0,-0.00007999999797903001,0.03949600085616112,0,1,0.9730679988861084,0.22393101453781128,0.054724205285310745,0,-0.18274985253810883,0.604669988155365,0.7752270102500916,0,0.14050719141960144,-0.7643490433692932,0.6293079853057861,0,-0.024845000356435776,0.2111939936876297,-0.0017819999484345317,1,0.9958249926567078,0.05023491010069847,0.07621080428361893,0,-0.05381714180111885,-0.35124197602272034,0.9347370266914368,0,0.07372486591339111,-0.934935986995697,-0.3470720648765564,0,0.00007599999662488699,0.03627699986100197,0,1,0.9998900294303894,0.014703142456710339,0.002048119669780135,0,-0.014577857218682766,0.9464390277862549,0.3225529193878174,0,0.002804119372740388,-0.32254716753959656,0.9465489387512207,0,-0.000003000000106112566,0.04137500002980232,0,1,-0.847618818283081,-0.04842508211731911,0.5283918380737305,0,0.24925892055034637,-0.9154484272003174,0.3159509003162384,0,0.46841514110565186,0.39951199293136597,0.7880210280418396,0,0.08867000043392181,-0.06413000077009201,-0.02200300060212612,1,0.9823198318481445,-0.168411985039711,-0.08175753057003021,0,-0.006890935357660055,0.4038960337638855,-0.914778470993042,0,0.18708138167858124,0.8991692662239075,0.3955949544906616,0,0,0.3963479995727539,0,1,0.9603956937789917,0.24277277290821075,-0.1367567926645279,0,-0.008488666266202927,0.5160623788833618,0.8565089106559753,0,0.2785119116306305,-0.8214260339736938,0.4976845681667328,0,0,0.3364959955215454,0,1,0.9878478646278381,-0.07041597366333008,0.1385548710823059,0,-0.04954451322555542,0.7022988200187683,0.7101554870605469,0,-0.14731329679489136,-0.7083906531333923,0.6902761459350586,0,0,0.1492290049791336,0,1,-0.9992296695709229,-0.03494822978973389,-0.01785784587264061,0,0.03019646368920803,-0.9752623438835144,0.2189788669347763,0,-0.025068998336791992,0.21827085316181183,0.975566029548645,0,-0.08867000043392181,-0.06413000077009201,-0.02048099972307682,1,0.9869885444641113,-0.14928601682186127,0.05972079187631607,0,0.14560458064079285,0.6722850799560547,-0.725832462310791,0,0.06820721179246902,0.7250836491584778,0.6852741241455078,0,0,0.3963190019130707,0,1,0.9964261651039124,-0.009931322187185287,0.08388164639472961,0,-0.08168084174394608,0.1396860033273697,0.9868213534355164,0,-0.021517546847462654,-0.9901465773582458,0.1383756399154663,0,0,0.3364500105381012,0,1,0.9973759055137634,0.004664401523768902,-0.07224937528371811,0,0.042213842272758484,0.7732705473899841,0.6326686143875122,0,0.05881934240460396,-0.6340584754943848,0.7710446119308472,0,0,0.14872199296951294,0,1
