4.200,30,125,49
B0,mixamorig_Hips,-1,0.991499662399292,-0.014659690670669079,0.12927840650081635,0,-0.006422552280128002,0.9869058132171631,0.1611691564321518,0,-0.12994839251041412,-0.16062957048416138,0.9784232378005981,0,-0.08677022904157639,100.57074737548828,-3.1488935947418213,1
B1,mixamorig_Spine,0,0.999021589756012,0.03138608857989311,0.03115042857825756,0,-0.030144954100251198,0.9987630248069763,-0.03954373300075531,0,-0.03235302120447159,0.03856601566076279,0.9987319707870483,0,0,8.494949340820312,-0.3311749994754791,1
B2,mixamorig_Spine1,1,0.9994866251945496,0.020779836922883987,0.024368666112422943,0,-0.02056025341153145,0.9997456669807434,-0.009227142669260502,0,-0.024554217234253883,0.008721384219825268,0.9996601343154907,0,0,9.918294906616211,0,1
B3,mixamorig_Spine2,2,0.9994985461235046,0.021404508501291275,0.023338571190834045,0,-0.021194016560912132,0.999733030796051,-0.009229660034179688,0,-0.023529887199401855,0.008730391040444374,0.9996849298477173,0,0,11.335203170776367,0,1
B4,mixamorig_Neck,3,0.999370813369751,-0.020851971581578255,-0.02870815061032772,0,0.020889833569526672,0.9997813701629639,0.0010198283707723022,0,0.028680583462119102,-0.0016188938170671463,0.9995869994163513,0,0,12.752096176147461,9.999999974752427e-7,1
B5,mixamorig_Head,4,0.9941104650497437,0.0026287632063031197,-0.10833911597728729,0,0.0006128878449089825,0.999553382396698,0.029877183958888054,0,0.10836929082870483,-0.029767625033855438,0.9936650395393372,0,0,13.06536865234375,4.217862129211426,1
B6,mixamorig_HeadTop_End,5,1,0,0,0,0,1,0,0,0,0,1,0,0,23.967315673828125,7.737310886383057,1
B7,mixamorig_LeftShoulder,3,0.08764272928237915,0.03650468960404396,-0.9954826831817627,0,0.923728883266449,-0.37705180048942566,0.06749885529279709,0,-0.3728846311569214,-0.9254721403121948,-0.06676628440618515,0,6.306169033050537,11.306180000305176,-0.0624300017952919,1
B8,mixamorig_LeftArm,7,0.5653696060180664,0.6494511365890503,-0.5084980130195618,0,-0.06870479881763458,0.6514192223548889,0.7556003332138062,0,0.8219714760780334,-0.3922575116157532,0.41291332244873047,0,0,12.778848648071289,0,1
B9,mixamorig_LeftForeArm,8,0.8518088459968567,0.5237296223640442,0.01134751457720995,0,-0.5238494277000427,0.8515294194221497,0.02189117856323719,0,0.0018023166339844465,-0.02459149993956089,0.9996961951255798,0,0,34.15833282470703,0,1
B10,mixamorig_LeftHand,9,0.7648652195930481,0.25900688767433167,0.5898275971412659,0,-0.2651767134666443,0.9610280394554138,-0.07813883572816849,0,-0.5870795249938965,-0.0966428816318512,0.8037397265434265,0,0,25.21840476989746,0,1
B11,mixamorig_LeftHandThumb1,10,0.8373486399650574,0.5352651476860046,-0.11107974499464035,0,-0.515427827835083,0.8407320976257324,0.16584311425685883,0,0.18215826153755188,-0.08161488175392151,0.9798759818077087,0,-3.535814046859741,5.123630046844482,1.6073640584945679,1
B12,mixamorig_LeftHandThumb2,11,0.7348162531852722,-0.6782656908035278,0.0008452938636764884,0,0.6773335337638855,0.7338705658912659,0.05151470750570297,0,-0.03556099534034729,-0.03728129342198372,0.9986720085144043,0,-0.617251992225647,5.106352806091309,0,1
B13,mixamorig_LeftHandThumb3,12,0.9850360155105591,-0.17038796842098236,0.025906775146722794,0,0.17083001136779785,0.985171914100647,-0.015913225710392,0,-0.022811224684119225,0.020100774243474007,0.9995380640029907,0,-0.03465000167489052,4.591382026672363,0,1
B14,mixamorig_LeftHandThumb4,13,1,0,0,0,0,1,0,0,0,0,1,0,0.6519020199775696,3.144458055496216,0,1
B15,mixamorig_LeftHandIndex1,10,0.9845760464668274,-0.17379271984100342,-0.02013172209262848,0,0.1629263162612915,0.9527232646942139,-0.256462037563324,0,0.06375126540660858,0.2492266595363617,0.966344952583313,0,-2.5727460384368896,12.05600643157959,-0.21869799494743347,1
B16,mixamorig_LeftHandIndex2,15,0.997402012348175,-0.07059894502162933,-0.0143038434907794,0,0.07054205238819122,0.9171040654182434,0.3923564553260803,0,-0.01458184327930212,-0.39234620332717896,0.919701874256134,0,0.025693999603390694,4.536342144012451,0,1
B17,mixamorig_LeftHandIndex3,16,0.9995999932289124,-0.02804132178425789,-0.0035990027245134115,0,0.028193682432174683,0.979314923286438,0.20036718249320984,0,-0.0020940029062330723,-0.20038855075836182,0.979714035987854,0,-0.019798999652266502,4.243352890014648,0,1
B18,mixamorig_LeftHandIndex4,17,1,0,0,0,0,1,0,0,0,0,1,0,-0.005894999951124191,3.301323890686035,0,1
B19,mixamorig_LeftHandMiddle1,10,0.9817699193954468,-0.1871270388364792,-0.03332116827368736,0,0.17251995205879211,0.9508929252624512,-0.2569800913333893,0,0.07977283746004105,0.2465469390153885,0.9658420085906982,0,2.5727460384368896,11.887924194335938,-0.4945389926433563,1
B20,mixamorig_LeftHandMiddle2,19,0.9989280700683594,-0.04540256783366203,-0.008994265459477901,0,0.04527514800429344,0.9181400537490845,0.3936620056629181,0,-0.009615265764296055,-0.3936470150947571,0.9192109704017639,0,-0.019633999094367027,4.721673965454102,0,1
B21,mixamorig_LeftHandMiddle3,20,0.9994140267372131,-0.03407807648181915,-0.0032485686242580414,0,0.03403592109680176,0.9790319204330444,0.20084206759929657,0,-0.003663858398795128,-0.20083492994308472,0.9796180129051208,0,0.02282699942588806,4.333162784576416,0,1
B22,mixamorig_LeftHandMiddle4,21,1,0,0,0,0,1,0,0,0,0,1,0,-0.0031930000986903906,2.814532995223999,0,1
B23,mixamorig_RightShoulder,3,0.0157992634922266,-0.030682673677802086,0.9994044303894043,0,-0.9271226525306702,-0.3747454285621643,0.0031515457667410374,0,0.3744252920150757,-0.9266195893287659,-0.034367285668849945,0,-6.306169033050537,11.305707931518555,-0.050324998795986176,1
B24,mixamorig_RightArm,23,0.6718736290931702,-0.6239723563194275,0.39905405044555664,0,0.14428815245628357,0.6387205123901367,0.7557886838912964,0,-0.7264754772186279,-0.4502158761024475,0.5191714763641357,0,0,12.778847694396973,0,1
B25,mixamorig_RightForeArm,24,0.9010420441627502,-0.4336247742176056,-0.009614238515496254,0,0.4337303340435028,0.9008684158325195,0.0177230816334486,0,0.000975996139459312,-0.020139237865805626,0.9997969269752502,0,0,34.15696334838867,0,1
B26,mixamorig_RightHand,25,0.510618269443512,-0.4976060390472412,-0.7011828422546387,0,0.19494950771331787,0.8612766265869141,-0.4692522883415222,0,0.8374149799346924,0.1029135212302208,0.5367915034294128,0,0,25.219247817993164,0,1
B27,mixamorig_RightHandThumb1,26,0.978128969669342,-0.12470412254333496,0.16647067666053772,0,0.04799887165427208,0.9140689969062805,0.4027080237865448,0,-0.20238502323627472,-0.3859099745750427,0.9000629186630249,0,3.3523290157318115,5.154996871948242,1.3371469974517822,1
B28,mixamorig_RightHandThumb2,27,0.7543638348579407,0.5434967875480652,0.3681670129299164,0,-0.5194064378738403,0.8371318578720093,-0.17154455184936523,0,-0.4014379680156708,-0.06182126700878143,0.9137970209121704,0,0.4987800121307373,5.009517192840576,0,1
B29,mixamorig_RightHandThumb3,28,0.9653949737548828,-0.15032100677490234,0.21311067044734955,0,0.16786298155784607,0.9835540652275085,-0.06665661185979843,0,-0.19958607852458954,0.10012340545654297,0.9747520089149475,0,0.4404360055923462,4.912959098815918,0,1
B30,mixamorig_RightHandThumb4,29,1,0,0,0,0,1,0,0,0,0,1,0,-0.9392160177230835,3.353445053100586,0,1
B31,mixamorig_RightHandIndex1,26,0.9851899743080139,0.1708589345216751,0.014416895806789398,0,-0.16234230995178223,0.956525981426239,-0.24228550493717194,0,-0.055186811834573746,0.23635689914226532,0.9700979590415955,0,2.7486159801483154,12.267756462097168,-0.15933799743652344,1
B32,mixamorig_RightHandIndex2,31,0.9959520101547241,0.08772893249988556,0.019558023661375046,0,-0.08775606751441956,0.9020371437072754,0.4226436913013458,0,0.019436024129390717,-0.4226493537425995,0.9060848355293274,0,-0.03769199922680855,4.627532005310059,0,1
B33,mixamorig_RightHandIndex3,32,0.9995869398117065,0.028393803164362907,0.004467894788831472,0,-0.028687193989753723,0.9758179783821106,0.21669335663318634,0,0.0017928953748196363,-0.2167319357395172,0.9762290120124817,0,0.03682100027799606,4.271368980407715,0,1
B34,mixamorig_RightHandIndex4,33,1,0,0,0,0,1,0,0,0,0,1,0,0.0008720000041648746,3.248267889022827,0,1
B35,mixamorig_RightHandMiddle1,26,0.9797660708427429,0.19513772428035736,0.044500019401311874,0,-0.17886827886104584,0.9534459114074707,-0.2427911013364792,0,-0.08980599045753479,0.22991862893104553,0.969057023525238,0,-2.7486159801483154,12.653791427612305,-0.5087130069732666,1
B36,mixamorig_RightHandMiddle2,35,0.999017059803009,0.04305677115917206,0.010548151098191738,0,-0.04345422238111496,0.9040899872779846,0.42512786388397217,0,0.008768150582909584,-0.42516815662384033,0.9050719141960144,0,0.04162700101733208,4.7952117919921875,0,1
B37,mixamorig_RightHandMiddle3,36,0.999608039855957,0.027935674414038658,0.0016059511108323932,0,-0.027614329010248184,0.9755839705467224,0.2178822159767151,0,0.004519951064139605,-0.21784140169620514,0.9759740829467773,0,-0.022328000515699387,3.9887070655822754,0,1
B38,mixamorig_RightHandMiddle4,37,1,0,0,0,0,1,0,0,0,0,1,0,-0.019298000261187553,2.780606985092163,0,1
B39,mixamorig_LeftUpLeg,0,-0.9219786524772644,-0.15898610651493073,0.3530981242656708,0,0.24959862232208252,-0.9411311745643616,0.2279757708311081,0,0.2960667312145233,0.2983216643333435,0.9073857665061951,0,15.567182540893555,-4.7194061279296875,0.3799319863319397,1
B40,mixamorig_LeftLeg,39,0.9916559457778931,-0.07953760027885437,0.10145287960767746,0,0.10280585289001465,0.9627463221549988,-0.2501014173030853,0,-0.07778092473745346,0.25844451785087585,0.962890088558197,0,0,42.68557357788086,0,1
B41,mixamorig_LeftFoot,40,0.8642368316650391,-0.292703777551651,0.4091692864894867,0,-0.2933906018733978,0.36745303869247437,0.8825535774230957,0,-0.40867701172828674,-0.8827811479568481,0.23168976604938507,0,0,45.63874053955078,0,1
B42,mixamorig_LeftToeBase,41,0.9691961407661438,-0.012355747632682323,0.24598091840744019,0,-0.1033567413687706,0.8861376643180847,0.45174989104270935,0,-0.2235545963048935,-0.46325793862342834,0.8575639128684998,0,0,13.42350959777832,0,1
B43,mixamorig_LeftToe_End,42,1,0,0,0,0,1,0,0,0,0,1,0,0,9.241156578063965,0,1
B44,mixamorig_RightUpLeg,0,-0.9667370319366455,0.12745679914951324,-0.22175359725952148,0,-0.20733149349689484,-0.8982083201408386,0.38760265707969666,0,-0.14977821707725525,0.4206860363483429,0.8947564959526062,0,-15.567182540893555,-4.7194061279296875,0.35794898867607117,1
B45,mixamorig_RightLeg,44,0.9847624897956848,0.051544804126024246,-0.16609029471874237,0,-0.12863606214523315,0.8586076498031616,-0.496231347322464,0,0.11702822893857956,0.5100351572036743,0.8521549701690674,0,0,42.6855354309082,0,1
B46,mixamorig_RightFoot,45,0.9325559735298157,0.2221287190914154,-0.28460177779197693,0,0.26741263270378113,0.10461847484111786,0.9578858613967896,0,0.2425486445426941,-0.9693886041641235,0.03816257044672966,0,0,47.79915237426758,0.0000019999999949504854,1
B47,mixamorig_RightToeBase,46,0.6559879779815674,0.04492858797311783,-0.753433108329773,0,0.2868766784667969,0.9084703326225281,0.3039472699165344,0,0.698127269744873,-0.41552799940109253,0.5830564498901367,0,0,20.07634925842285,0,1
B48,mixamorig_RightToe_End,47,1,0,0,0,0,1,0,0,0,0,1,0,0,9.222408294677734,0,1
@40,0,1,2,3,4,5,7,8,9,10,11,12,13,15,16,17,19,20,21,23,24,25,26,27,28,29,31,32,33,35,36,37,39,40,41,42,44,45,46,47
K0,0.9935089945793152,-0.02620324306190014,0.11069167405366898,0,0.008318754844367504,0.9872379302978516,0.1590370535850525,0,-0.11344632506370544,-0.15708395838737488,0.9810479283332825,0,0.21602100133895874,100.86317443847656,-4.427746772766113,1,0.9996669292449951,0.008335783146321774,0.02442369982600212,0,-0.007148216478526592,0.9988070130348206,-0.04831383749842644,0,-0.02479729801416397,0.04812316223978996,0.9985340237617493,0,0,8.494949340820312,-0.3311749994754791,1,0.9998059868812561,0.004865693859755993,0.019068904221057892,0,-0.0045693060383200645,0.9998690485954285,-0.015556076541543007,0,-0.019142094999551773,0.015465923584997654,0.9996970295906067,0,0,9.918294906616211,0,1,0.999809980392456,0.005127772223204374,0.01878979802131653,0,-0.004835227970033884,0.9998670220375061,-0.015581905841827393,0,-0.01886720024049282,0.015488093718886375,0.999701976776123,0,0,11.335203170776367,0,1,0.9990449547767639,-0.025058116763830185,-0.03580116480588913,0,0.025129877030849457,0.9996829628944397,0.0015559032326564193,0,0.035750824958086014,-0.0024540964514017105,0.9993579387664795,0,0,12.752096176147461,0,1,0.991038978099823,-0.018814099952578545,-0.13223794102668762,0,0.02162790112197399,0.9995689988136292,0.019874028861522675,0,0.13180707395076752,-0.022555971518158913,0.9910189509391785,0,0,13.06536865234375,4.217862129211426,1,0.08140692859888077,0.03559647127985954,-0.9960449934005737,0,0.9298599362373352,-0.36247217655181885,0.06304366886615753,0,-0.35879456996917725,-0.9313148260116577,-0.0626075267791748,0,6.306169033050537,11.306180000305176,-0.0624300017952919,1,0.6206727623939514,0.6198160648345947,-0.48020118474960327,0,-0.06443297863006592,0.6506962180137634,0.7565998435020447,0,0.7814178466796875,-0.438660204410553,0.4438060522079468,0,0,12.778848648071289,0,1,0.8583359718322754,0.512968122959137,0.011074710637331009,0,-0.5130859017372131,0.8580701351165771,0.021441075950860977,0,0.0014957109233364463,-0.02408592216670513,0.9997090101242065,0,0,34.15833282470703,0,1,0.7964161038398743,0.20789822936058044,0.5678908824920654,0,-0.22564579546451569,0.973392128944397,-0.03989950567483902,0,-0.5610751509666443,-0.09636551886796951,0.8221359252929688,0,0,25.21840476989746,0,1,0.8373480439186096,0.5352650284767151,-0.11107968538999557,0,-0.5154279470443726,0.8407320380210876,0.16584312915802002,0,0.18215829133987427,-0.08161485195159912,0.9798759818077087,0,-3.535814046859741,5.123630046844482,1.6073640584945679,1,0.7348161339759827,-0.6782658100128174,0.0008456397918052971,0,0.6773331761360168,0.7338699102401733,0.05151483044028282,0,-0.03556136041879654,-0.03728117048740387,0.9986720085144043,0,-0.617251992225647,5.106352806091309,0,1,0.9850360155105591,-0.17038796842098236,0.025906775146722794,0,0.17083001136779785,0.985171914100647,-0.015913225710392,0,-0.022811224684119225,0.020100774243474007,0.9995380640029907,0,-0.03465000167489052,4.591382026672363,0,1,0.984576940536499,-0.17379216849803925,-0.02013130858540535,0,0.1629258692264557,0.952724039554596,-0.2564622163772583,0,0.06375069171190262,0.24922682344913483,0.9663450717926025,0,-2.5727460384368896,12.05600643157959,-0.21869799494743347,1,0.997402012348175,-0.07059894502162933,-0.01430386584252119,0,0.07054205983877182,0.9171039462089539,0.3923570215702057,0,-0.014581866562366486,-0.39234691858291626,0.9197019934654236,0,0.025693999603390694,4.536342144012451,0,1,0.9995999932289124,-0.028040820732712746,-0.0035989542957395315,0,0.02819318324327469,0.979314923286438,0.20036733150482178,0,-0.0020939544774591923,-0.20038869976997375,0.979714035987854,0,-0.019798999652266502,4.243352890014648,0,1,0.9817699193954468,-0.1871270388364792,-0.03332116827368736,0,0.17251995205879211,0.9508929252624512,-0.2569800913333893,0,0.07977283746004105,0.2465469390153885,0.9658420085906982,0,2.5727460384368896,11.887924194335938,-0.4945389926433563,1,0.9989280104637146,-0.04540281370282173,-0.00899379514157772,0,0.045275185257196426,0.9181400537490845,0.3936620354652405,0,-0.009615794755518436,-0.3936469852924347,0.9192109704017639,0,-0.019633999094367027,4.721673965454102,0,1,0.9994140267372131,-0.03407806158065796,-0.0032487136777490377,0,0.03403593599796295,0.9790319204330444,0.20084206759929657,0,-0.0036637133453041315,-0.20083492994308472,0.9796180129051208,0,0.02282699942588806,4.333162784576416,0,1,0.02074967697262764,-0.03152697533369064,0.9992870688438416,0,-0.9293799996376038,-0.3690451383590698,0.0076549542136490345,0,0.36854100227355957,-0.928877055644989,-0.03695819526910782,0,-6.306169033050537,11.305707931518555,-0.050324998795986176,1,0.6931910514831543,-0.6192496418952942,0.3688035011291504,0,0.12375741451978683,0.6063539385795593,0.785504937171936,0,-0.7100496292114258,-0.49886322021484375,0.4969562292098999,0,0,12.778847694396973,0,1,0.9054440855979919,-0.42435985803604126,-0.009433912113308907,0,0.4244631230831146,0.9052788615226746,0.01734432391822338,0,0.0011800868669524789,-0.019708674401044846,0.9998050332069397,0,0,34.15696334838867,0,1,0.5450809597969055,-0.4254971146583557,-0.722383975982666,0,0.09987886995077133,0.8884598016738892,-0.44795435667037964,0,0.8324130773544312,0.17202065885066986,0.5267811417579651,0,0,25.219247817993164,0,1,0.978128969669342,-0.12470404803752899,0.16647031903266907,0,0.047998957335948944,0.9140689969062805,0.4027079939842224,0,-0.20238466560840607,-0.3859099745750427,0.9000629782676697,0,3.3523290157318115,5.154996871948242,1.3371469974517822,1,0.7543638348579407,0.5434969663619995,0.36816728115081787,0,-0.5194069743156433,0.8371320366859436,-0.17154398560523987,0,-0.40143775939941406,-0.06182197853922844,0.9137970805168152,0,0.4987800121307373,5.009517192840576,0,1,0.965394914150238,-0.15032097697257996,0.2131103277206421,0,0.16786302626132965,0.9835540056228638,-0.06665712594985962,0,-0.1995857059955597,0.10012387484312057,0.9747521281242371,0,0.4404360055923462,4.912959098815918,0,1,0.9851900339126587,0.17085866630077362,0.014416642487049103,0,-0.16234229505062103,0.956527054309845,-0.242284893989563,0,-0.05518635734915733,0.23635610938072205,0.9700980186462402,0,2.7486159801483154,12.267756462097168,-0.15933799743652344,1,0.9959520101547241,0.08772895485162735,0.019558006897568703,0,-0.08775605261325836,0.9020370244979858,0.42264309525489807,0,0.019436007365584373,-0.42264893651008606,0.9060850739479065,0,-0.03769199922680855,4.627532005310059,0,1,0.9995869398117065,0.02839379943907261,0.0044678994454443455,0,-0.02868719771504402,0.9758180379867554,0.2166937291622162,0,0.0017929000314325094,-0.21673226356506348,0.9762289524078369,0,0.03682100027799606,4.271368980407715,0,1,0.9797660708427429,0.19513772428035736,0.04450007155537605,0,-0.17886829376220703,0.9534459114074707,-0.2427901178598404,0,-0.08980593085289001,0.22991789877414703,0.9690579771995544,0,-2.7486159801483154,12.653791427612305,-0.5087130069732666,1,0.999017059803009,0.04305677115917206,0.010548151098191738,0,-0.04345422238111496,0.9040899872779846,0.42512786388397217,0,0.008768150582909584,-0.42516815662384033,0.9050719141960144,0,0.04162700101733208,4.7952117919921875,0,1,0.999608039855957,0.027935728430747986,0.0016054607694968581,0,-0.027614274993538857,0.9755839705467224,0.2178829312324524,0,0.0045204609632492065,-0.21784210205078125,0.9759740829467773,0,-0.022328000515699387,3.9887070655822754,0,1,-0.9245169162750244,-0.16691996157169342,0.34264492988586426,0,0.2588230073451996,-0.9348788857460022,0.24292293190956116,0,0.27978307008743286,0.31327104568481445,0.9075149297714233,0,15.567182540893555,-4.7194061279296875,0.3799319863319397,1,0.9912170767784119,-0.0841638371348381,0.1020079106092453,0,0.10712716728448868,0.963284969329834,-0.2461821436882019,0,-0.07754307985305786,0.25494787096977234,0.9638410806655884,0,0,42.68557357788086,0,1,0.8623702526092529,-0.28102901577949524,0.4211183190345764,0,-0.30180004239082336,0.3824900686740875,0.873279869556427,0,-0.4064904749393463,-0.8801838755607605,0.24503344297409058,0,0,45.63874053955078,0,1,0.9704641103744507,-0.00426216097548604,0.24120770394802094,0,-0.10537417232990265,0.891933023929596,0.43971818685531616,0,-0.21701529622077942,-0.45214784145355225,0.8651399612426758,0,0,13.42350959777832,0,1,-0.9649831056594849,0.10692980140447617,-0.23952706158161163,0,-0.19127918779850006,-0.9117050170898438,0.3636029064655304,0,-0.17949797213077545,0.3966870605945587,0.9002329707145691,0,-15.567182540893555,-4.7194061279296875,0.35794898867607117,1,0.9847370386123657,0.04935210943222046,-0.16690592467784882,0,-0.12012190371751785,0.8866649270057678,-0.44653722643852234,0,0.1259520798921585,0.4597707986831665,0.8790600895881653,0,0,42.6855354309082,0,1,0.9359349608421326,0.21137990057468414,-0.28168028593063354,0,0.26056888699531555,0.12242721021175385,0.957660973072052,0,0.2369157373905182,-0.9697060585021973,0.0595049187541008,0,0,47.79915237426758,0.0000019999999949504854,1,0.6952672600746155,0.013213951140642166,-0.7186298370361328,0,0.2869109809398651,0.9116149544715881,0.29434603452682495,0,0.6590032577514648,-0.4108319580554962,0.6300248503684998,0,0,20.07634925842285,0,1
K0.034,0.9935157299041748,-0.028425173833966255,0.11008862406015396,0,0.010544555261731148,0.9871077537536621,0.15971249341964722,0,-0.11320905387401581,-0.15751585364341736,0.9810056686401367,0,0.23744240403175354,100.86261749267578,-4.387986183166504,1,0.9996841549873352,0.006510728970170021,0.024251574650406837,0,-0.00532227149233222,0.9987969994544983,-0.04875173792243004,0,-0.024539804086089134,0.04860725626349449,0.9985159635543823,0,0,8.494949340820312,-0.3311749994754791,1,0.9998151063919067,0.0037788168992847204,0.01887792907655239,0,-0.0034775896929204464,0.9998670220375061,-0.01596401259303093,0,-0.01893571950495243,0.015895390883088112,0.9996940493583679,0,0,9.918294906616211,0,1,0.9998181462287903,0.004040565807372332,0.01863817125558853,0,-0.0037427693605422974,0.9998649954795837,-0.01598501019179821,0,-0.018700238317251205,0.015912340953946114,0.9996980428695679,0,0,11.335203170776367,0,1,0.9990512728691101,-0.024025017395615578,-0.03632902354001999,0,0.02412685565650463,0.9997063279151917,0.0023673586547374725,0,0.036261457949876785,-0.0032416158355772495,0.999336838722229,0,0,12.752096176147461,0,1,0.9904229044914246,-0.025075484067201614,-0.13576993346214294,0,0.02685491181910038,0.9995752573013306,0.01129030529409647,0,0.1354292333126068,-0.014828274957835674,0.9906761646270752,0,0,13.06536865234375,4.217862129211426,1,0.08139874041080475,0.03559330478310585,-0.9960454106330872,0,0.9303078651428223,-0.361307829618454,0.06311535090208054,0,-0.3576325476169586,-0.9317665696144104,-0.062522754073143,0,6.306169033050537,11.306180000305176,-0.0624300017952919,1,0.6239027380943298,0.6175951957702637,-0.4788757562637329,0,-0.06410226225852966,0.651140034198761,0.7562450766563416,0,0.7788682579994202,-0.4411262273788452,0.445837140083313,0,0,12.778848648071289,0,1,0.8582732081413269,0.5130736827850342,0.011077103205025196,0,-0.5131908059120178,0.8580060601234436,0.021445877850055695,0,0.001499094651080668,-0.02409110590815544,0.9997090101242065,0,0,34.15833282470703,0,1,0.7986125946044922,0.1988489329814911,0.568046510219574,0,-0.2175159901380539,0.9754061102867126,-0.03564399480819702,0,-0.5611636638641357,-0.09509344398975372,0.8222241401672363,0,0,25.21840476989746,0,1,0.8373488783836365,0.5352652072906494,-0.11107975244522095,0,-0.5154277682304382,0.8407321572303772,0.16584309935569763,0,0.1821582317352295,-0.0816148892045021,0.9798759818077087,0,-3.535814046859741,5.123630046844482,1.6073640584945679,1,0.7348158955574036,-0.6782661080360413,0.0008461397956125438,0,0.6773339509963989,0.7338702082633972,0.05151504650712013,0,-0.03556186333298683,-0.03728095069527626,0.9986720085144043,0,-0.617251992225647,5.106352806091309,0,1,0.9850360155105591,-0.17038796842098236,0.025906775146722794,0,0.17083001136779785,0.985171914100647,-0.015913225710392,0,-0.022811224684119225,0.020100774243474007,0.9995380640029907,0,-0.03465000167489052,4.591382026672363,0,1,0.9845760464668274,-0.17379266023635864,-0.020131725817918777,0,0.16292636096477509,0.9527239203453064,-0.2564622759819031,0,0.06375127285718918,0.24922674894332886,0.9663450717926025,0,-2.5727460384368896,12.05600643157959,-0.21869799494743347,1,0.9974020719528198,-0.07059965282678604,-0.014302979223430157,0,0.0705423504114151,0.9171038866043091,0.39235708117485046,0,-0.014582962729036808,-0.39234688878059387,0.9197019934654236,0,0.025693999603390694,4.536342144012451,0,1,0.9995999932289124,-0.028040820732712746,-0.0035989470779895782,0,0.02819318324327469,0.9793150424957275,0.20036683976650238,0,-0.002093947259709239,-0.20038816332817078,0.9797139167785645,0,-0.019798999652266502,4.243352890014648,0,1,0.9817699193954468,-0.1871270388364792,-0.03332116827368736,0,0.17251995205879211,0.9508929252624512,-0.2569800913333893,0,0.07977283746004105,0.2465469390153885,0.9658420085906982,0,2.5727460384368896,11.887924194335938,-0.4945389926433563,1,0.9989280104637146,-0.045402705669403076,-0.008994294330477715,0,0.045275285840034485,0.9181400537490845,0.3936620056629181,0,-0.009615293703973293,-0.3936470150947571,0.9192109704017639,0,-0.019633999094367027,4.721673965454102,0,1,0.9994140267372131,-0.03407811373472214,-0.0032482135575264692,0,0.03403588384389877,0.9790319204330444,0.20084208250045776,0,-0.0036642132326960564,-0.20083491504192352,0.9796180129051208,0,0.02282699942588806,4.333162784576416,0,1,0.020873939618468285,-0.031689297407865524,0.9992799162864685,0,-0.9282152056694031,-0.3719668686389923,0.007593612652271986,0,0.37145835161209106,-0.9277053475379944,-0.03717891126871109,0,-6.306169033050537,11.305707931518555,-0.050324998795986176,1,0.6898276209831238,-0.6212214827537537,0.37178274989128113,0,0.12398645281791687,0.6073151230812073,0.7847267985343933,0,-0.7132782340049744,-0.4952299892902374,0.4959656298160553,0,0,12.778847694396973,0,1,0.9046147465705872,-0.42612579464912415,-0.009468711912631989,0,0.4262295067310333,0.9044479131698608,0.017416762188076973,0,0.0011422241805121303,-0.019791297614574432,0.9998039603233337,0,0,34.15696334838867,0,1,0.5482996106147766,-0.41985294222831726,-0.7232508063316345,0,0.096381776034832,0.8908025026321411,-0.4440505802631378,0,0.8307090401649475,0.17376446723937988,0.5288925170898438,0,0,25.219247817993164,0,1,0.9781290292739868,-0.12470415234565735,0.16647082567214966,0,0.04799883812665939,0.9140689969062805,0.4027080237865448,0,-0.20238515734672546,-0.38590994477272034,0.9000629186630249,0,3.3523290157318115,5.154996871948242,1.3371469974517822,1,0.7543640732765198,0.5434966087341309,0.36816731095314026,0,-0.5194063186645508,0.8371317982673645,-0.17154385149478912,0,-0.40143778920173645,-0.061821844428777695,0.9137970805168152,0,0.4987800121307373,5.009517192840576,0,1,0.9653950333595276,-0.15032100677490234,0.2131108194589615,0,0.16786298155784607,0.9835540652275085,-0.06665659695863724,0,-0.1995861977338791,0.10012341290712357,0.9747519493103027,0,0.4404360055923462,4.912959098815918,0,1,0.9851899743080139,0.17085883021354675,0.014417071826756,0,-0.1623421460390091,0.9565258622169495,-0.24228528141975403,0,-0.055186927318573,0.2363567352294922,0.9700981378555298,0,2.7486159801483154,12.267756462097168,-0.15933799743652344,1,0.9959520101547241,0.08772893249988556,0.019558023661375046,0,-0.08775606751441956,0.9020371437072754,0.4226436913013458,0,0.019436024129390717,-0.4226493537425995,0.9060848355293274,0,-0.03769199922680855,4.627532005310059,0,1,0.9995869398117065,0.02839379943907261,0.0044678994454443455,0,-0.02868719771504402,0.9758180379867554,0.2166937291622162,0,0.0017929000314325094,-0.21673226356506348,0.9762289524078369,0,0.03682100027799606,4.271368980407715,0,1,0.9797660708427429,0.19513772428035736,0.04450000077486038,0,-0.17886826395988464,0.9534459114074707,-0.24279122054576874,0,-0.08980599790811539,0.22991876304149628,0.9690570831298828,0,-2.7486159801483154,12.653791427612305,-0.5087130069732666,1,0.999017059803009,0.04305727034807205,0.010548263788223267,0,-0.04345473274588585,0.9040901064872742,0.42512792348861694,0,0.008768263272941113,-0.42516815662384033,0.9050719141960144,0,0.04162700101733208,4.7952117919921875,0,1,0.999608039855957,0.027935674414038658,0.0016059390036389232,0,-0.027614325284957886,0.9755839705467224,0.2178819179534912,0,0.004519954789429903,-0.21784108877182007,0.9759740233421326,0,-0.022328000515699387,3.9887070655822754,0,1,-0.9230108857154846,-0.16795873641967773,0.3461807072162628,0,0.2619181275367737,-0.9333407282829285,0.24550920724868774,0,0.28186896443367004,0.31727850437164307,0.9054745435714722,0,15.567182540893555,-4.7194061279296875,0.3799319863319397,1,0.991305947303772,-0.08296723663806915,0.10212317854166031,0,0.10644260793924332,0.961921751499176,-0.2517470121383667,0,-0.07734771817922592,0.26042845845222473,0.9623895883560181,0,0,42.68557357788086,0,1,0.8648434281349182,-0.28185075521469116,0.41545936465263367,0,-0.29710206389427185,0.3797440528869629,0.8760855197906494,0,-0.4046933054924011,-0.8811100125312805,0.2446805238723755,0,0,45.63874053955078,0,1,0.970350444316864,-0.005000121425837278,0.24164915084838867,0,-0.10518570244312286,0.8914104700088501,0.4408215582370758,0,-0.2176128327846527,-0.453169584274292,0.8644549250602722,0,0,13.42350959777832,0,1,-0.9653706550598145,0.10509046912193298,-0.23878036439418793,0,-0.18900516629219055,-0.9126280546188354,0.36247339844703674,0,-0.17982512712478638,0.3950518071651459,0.9008867740631104,0,-15.567182540893555,-4.7194061279296875,0.35794898867607117,1,0.9846537709236145,0.049780771136283875,-0.1672668159008026,0,-0.12035836279392242,0.8877509832382202,-0.44431042671203613,0,0.12637323141098022,0.4576241075992584,0.8801193237304688,0,0,42.6855354309082,0,1,0.9354965686798096,0.21124960482120514,-0.2832300066947937,0,0.2617308497428894,0.12419385462999344,0.9571170210838318,0,0.2373659610748291,-0.969509482383728,0.06089237332344055,0,0,47.79915237426758,0.0000019999999949504854,1,0.6930973529815674,0.01502273604273796,-0.720687210559845,0,0.2868829369544983,0.9114455580711365,0.2948993742465973,0,0.6612969040870667,-0.4111465513706207,0.6274102926254272,0,0,20.07634925842285,0,1
K0.067,0.9935996532440186,-0.029157321900129318,0.10913015902042389,0,0.011405322700738907,0.9870703816413879,0.1598825305700302,0,-0.11238091439008713,-0.1576145738363266,0.981085479259491,0,0.25607943534851074,100.8479995727539,-4.335297107696533,1,0.9997062683105469,0.0044956267811357975,0.02381979487836361,0,-0.00332159036770463,0.9987879395484924,-0.04910048097372055,0,-0.024011671543121338,0.04900696128606796,0.9985100030899048,0,0,8.494949340820312,-0.3311749994754791,1,0.9998261332511902,0.0024851595517247915,0.018488306552171707,0,-0.002185229677706957,0.9998659491539001,-0.01622522436082363,0,-0.018526142463088036,0.01618199422955513,0.9996970891952515,0,0,9.918294906616211,0,1,0.9998291730880737,0.00274270074442029,0.018296444788575172,0,-0.002445561345666647,0.9998650550842285,-0.016242867335677147,0,-0.018338527530431747,0.016195351257920265,0.9997011423110962,0,0,11.335203170776367,0,1,0.9990864396095276,-0.02168925851583481,-0.03682589903473854,0,0.02186574414372444,0.9997509121894836,0.004396654199808836,0,0.03672138601541519,-0.005197866354137659,0.9993124008178711,0,0,12.752096176147461,0,1,0.9894701242446899,-0.03578498959541321,-0.14024357497692108,0,0.03580309823155403,0.9993559122085571,-0.0023947071749716997,0,0.14023897051811218,-0.002651663962751627,0.9901142716407776,0,0,13.06536865234375,4.217862129211426,1,0.08083239942789078,0.035504333674907684,-0.9960954189300537,0,0.9311437010765076,-0.35921183228492737,0.06275807321071625,0,-0.3555809557437897,-0.9325806498527527,-0.06209561228752136,0,6.306169033050537,11.306180000305176,-0.0624300017952919,1,0.6252504587173462,0.6167377233505249,-0.47822076082229614,0,-0.064342200756073,0.6514221429824829,0.7559826970100403,0,0.7777670621871948,-0.4419090151786804,0.4469844698905945,0,0,12.778848648071289,0,1,0.8582815527915955,0.5130597949028015,0.011077241972088814,0,-0.5131769180297852,0.8580144643783569,0.021445276215672493,0,0.0014982752036303282,-0.024090683087706566,0.9997090101242065,0,0,34.15833282470703,0,1,0.7996897101402283,0.19213137030601501,0.568842887878418,0,-0.2126113474369049,0.9766461849212646,-0.030977394431829453,0,-0.5615096688270569,-0.0961700975894928,0.8218628168106079,0,0,25.21840476989746,0,1,0.8373480439186096,0.5352650284767151,-0.11107967048883438,0,-0.5154279470443726,0.8407320380210876,0.16584312915802002,0,0.18215827643871307,-0.08161485195159912,0.9798759818077087,0,-3.535814046859741,5.123630046844482,1.6073640584945679,1,0.7348158955574036,-0.6782661080360413,0.0008461241377517581,0,0.6773339509963989,0.7338702082633972,0.051515039056539536,0,-0.03556184843182564,-0.03728095442056656,0.9986720085144043,0,-0.617251992225647,5.106352806091309,0,1,0.9850360155105591,-0.17038796842098236,0.025906775146722794,0,0.17083001136779785,0.985171914100647,-0.015913225710392,0,-0.022811224684119225,0.020100774243474007,0.9995380640029907,0,-0.03465000167489052,4.591382026672363,0,1,0.9845760464668274,-0.17379266023635864,-0.02013176493346691,0,0.16292637586593628,0.952724039554596,-0.2564617991447449,0,0.0637512132525444,0.24922624230384827,0.966344952583313,0,-2.5727460384368896,12.05600643157959,-0.21869799494743347,1,0.997402012348175,-0.07059995085000992,-0.014304036274552345,0,0.07054303586483002,0.9171039462089539,0.39235609769821167,0,-0.014582036063075066,-0.39234593510627747,0.9197019934654236,0,0.025693999603390694,4.536342144012451,0,1,0.9995999932289124,-0.028040820732712746,-0.0035989542957395315,0,0.02819318324327469,0.979314923286438,0.20036733150482178,0,-0.0020939544774591923,-0.20038869976997375,0.979714035987854,0,-0.019798999652266502,4.243352890014648,0,1,0.9817699193954468,-0.187127023935318,-0.03332121670246124,0,0.1725199669599533,0.9508930444717407,-0.2569796144962311,0,0.07977278530597687,0.2465464174747467,0.9658418893814087,0,2.5727460384368896,11.887924194335938,-0.4945389926433563,1,0.9989280104637146,-0.04540221765637398,-0.008994183503091335,0,0.04527478665113449,0.9181399345397949,0.393661230802536,0,-0.009615182876586914,-0.3936467468738556,0.9192119836807251,0,-0.019633999094367027,4.721673965454102,0,1,0.9994140267372131,-0.03407811373472214,-0.0032482135575264692,0,0.03403588384389877,0.9790319204330444,0.20084208250045776,0,-0.0036642132326960564,-0.20083491504192352,0.9796180129051208,0,0.02282699942588806,4.333162784576416,0,1,0.021040325984358788,-0.03196464478969574,0.9992677569389343,0,-0.9261114597320557,-0.3771757185459137,0.007434832863509655,0,0.3766620457172394,-0.9255900979042053,-0.03753872215747833,0,-6.306169033050537,11.305707931518555,-0.050324998795986176,1,0.6887742280960083,-0.6201425194740295,0.37551772594451904,0,0.12304406613111496,0.6104536056518555,0.782436192035675,0,-0.7144584059715271,-0.49271684885025024,0.4967697858810425,0,0,12.778847694396973,0,1,0.9032073616981506,-0.4290983974933624,-0.009526007808744907,0,0.42920273542404175,0.9030376076698303,0.01753784902393818,0,0.001076880726031959,-0.019928911700844765,0.9998009204864502,0,0,34.15696334838867,0,1,0.5545097589492798,-0.4169626832008362,-0.7201809287071228,0,0.09548426419496536,0.8915815949440002,-0.44267940521240234,0,0.8266810178756714,0.17670412361621857,0.5342041254043579,0,0,25.219247817993164,0,1,0.9781290888786316,-0.12470395117998123,0.16646985709667206,0,0.04799904674291611,0.9140689373016357,0.4027080237865448,0,-0.20238417387008667,-0.3859100043773651,0.9000629782676697,0,3.3523290157318115,5.154996871948242,1.3371469974517822,1,0.7543638348579407,0.5434969663619995,0.36816728115081787,0,-0.5194069743156433,0.8371320366859436,-0.17154398560523987,0,-0.40143775939941406,-0.06182197853922844,0.9137970805168152,0,0.4987800121307373,5.009517192840576,0,1,0.9653950333595276,-0.15032100677490234,0.2131108045578003,0,0.16786298155784607,0.9835540652275085,-0.06665659695863724,0,-0.1995861828327179,0.10012341290712357,0.9747519493103027,0,0.4404360055923462,4.912959098815918,0,1,0.9851899743080139,0.17085877060890198,0.014416574500501156,0,-0.16234220564365387,0.9565258622169495,-0.24228523671627045,0,-0.055186424404382706,0.23635675013065338,0.9700980186462402,0,2.7486159801483154,12.267756462097168,-0.15933799743652344,1,0.9959520101547241,0.08772895485162735,0.019557997584342957,0,-0.08775605261325836,0.9020370244979858,0.42264309525489807,0,0.01943601481616497,-0.42264893651008606,0.9060850739479065,0,-0.03769199922680855,4.627532005310059,0,1,0.9995869398117065,0.028393805027008057,0.0044678933918476105,0,-0.028687193989753723,0.9758179187774658,0.2166932225227356,0,0.001792893628589809,-0.21673180162906647,0.9762290120124817,0,0.03682100027799606,4.271368980407715,0,1,0.9797660708427429,0.19513772428035736,0.04450000077486038,0,-0.17886826395988464,0.9534459114074707,-0.24279120564460754,0,-0.08980599790811539,0.22991874814033508,0.9690570831298828,0,-2.7486159801483154,12.653791427612305,-0.5087130069732666,1,0.999017059803009,0.043057262897491455,0.010548261925578117,0,-0.04345472529530525,0.9040901064872742,0.42512792348861694,0,0.008768261410295963,-0.42516815662384033,0.9050719141960144,0,0.04162700101733208,4.7952117919921875,0,1,0.999608039855957,0.027935782447457314,0.001604963093996048,0,-0.02761421725153923,0.9755839705467224,0.2178819477558136,0,0.004520931281149387,-0.21784108877182007,0.9759740233421326,0,-0.022328000515699387,3.9887070655822754,0,1,-0.9221089482307434,-0.16705486178398132,0.34901076555252075,0,0.26269200444221497,-0.9325482845306396,0.24768270552158356,0,0.2840926945209503,0.3200726807117462,0.9037947058677673,0,15.567182540893555,-4.7194061279296875,0.3799319863319397,1,0.9919103384017944,-0.08200228959321976,0.09689916670322418,0,0.10449454933404922,0.9608783721923828,-0.25650376081466675,0,-0.07207440584897995,0.26455414295196533,0.9616738557815552,0,0,42.68557357788086,0,1,0.8647762537002563,-0.2829475998878479,0.4148523807525635,0,-0.29722002148628235,0.3774780333042145,0.8770235776901245,0,-0.4047495424747467,-0.8817319273948669,0.2423364669084549,0,0,45.63874053955078,0,1,0.9702819585800171,-0.005443549249321222,0.24191388487815857,0,-0.10507296770811081,0.8910961747169495,0.4414840638637543,0,-0.21797175705432892,-0.4537825584411621,0.8640424609184265,0,0,13.42350959777832,0,1,-0.9654475450515747,0.10536966472864151,-0.23834435641765594,0,-0.1889684796333313,-0.9128746390342712,0.3618708550930023,0,-0.17944835126399994,0.3944070339202881,0.9012445211410522,0,-15.567182540893555,-4.7194061279296875,0.35794898867607117,1,0.9845024943351746,0.05077195540070534,-0.16786174476146698,0,-0.1215585321187973,0.8874916434288025,-0.44450268149375916,0,0.12640750408172607,0.4580186605453491,0.8799088001251221,0,0,42.6855354309082,0,1,0.9348279237747192,0.21168296039104462,-0.2851096987724304,0,0.2636881470680237,0.12394163757562637,0.9566119909286499,0,0.2378353327512741,-0.9694472551345825,0.06004578620195389,0,0,47.79915237426758,0.0000019999999949504854,1,0.692154586315155,0.01573982462286949,-0.721576988697052,0,0.28687718510627747,0.9113948941230774,0.29506006836891174,0,0.6622861623764038,-0.4112314283847809,0.6263111233711243,0,0,20.07634925842285,0,1
